200 0.8 0.0282842712474619 0.0146018366025518
400 0.8025 0.0199056367644946 0.0171018366025517
600 0.795 0.0164810497238495 0.00960183660255176
800 0.7875 0.0144630455817577 0.0021018366025517
1000 0.787 0.0129472390879291 0.00160183660255175
1200 0.7875 0.011809027267307 0.0021018366025517
1400 0.787142857142857 0.0109397368599797 0.00174469374540887
1600 0.78875 0.0102048835582529 0.00335183660255167
1800 0.787222222222222 0.00964662851471747 0.00182405882477399
2000 0.7875 0.00914723318823785 0.0021018366025517
2200 0.787727272727273 0.00871813722099263 0.00232910932982444
2400 0.787916666666667 0.00834425933041083 0.00251850326921843
2600 0.787307692307692 0.00802530349152528 0.00190952891024398
2800 0.7875 0.00773082304803311 0.0021018366025517
3000 0.787666666666667 0.00746654513789988 0.00226850326921835
3200 0.7875 0.00723152279087883 0.0021018366025517
3400 0.787647058823529 0.00701383442897747 0.00224889542608109
3600 0.787777777777778 0.0068146890085006 0.00237961438032952
3800 0.787368421052632 0.00663760004546898 0.00197025765518333
4000 0.78775 0.00646529074172229 0.00235183660255167
4200 0.787857142857143 0.00630831396435579 0.00245897945969453
4400 0.786818181818182 0.00617427453556861 0.00142001842073358
4600 0.787391304347826 0.00603263296372782 0.00199314095037784
4800 0.787083333333333 0.00590873575948891 0.00168516993588508
5000 0.7868 0.00579216298113235 0.00140183660255178
5200 0.786346153846154 0.00568408507246862 0.000947990448705527
5400 0.786481481481481 0.00557654414370578 0.00108331808403317
5600 0.786785714285714 0.00547321324533066 0.00138755088826603
5800 0.787068965517241 0.00537541352117181 0.00167080211979309
6000 0.786833333333333 0.00528719583662406 0.00143516993588511
6200 0.787096774193548 0.0051988746029039 0.00169861079610012
6400 0.78703125 0.00511757177409727 0.00163308660255168
6600 0.787121212121212 0.00503865977776507 0.00172304872376383
6800 0.787205882352941 0.00496328847850526 0.00180771895549292
7000 0.787 0.0048935963987936 0.00160183660255175
7200 0.786805555555556 0.00482675663622509 0.00140739215810726
7400 0.786621621621622 0.00476258001307536 0.00122345822417336
7600 0.78671052631579 0.00469878307453563 0.00131236291834125
7800 0.786282051282051 0.00464154300042977 0.00088388788460303
8000 0.786375 0.0045824305692367 0.000976836602551767
8200 0.786219512195122 0.00452740154353878 0.000821348797673704
8400 0.786071428571429 0.00447430677997404 0.000673265173980253
8600 0.786395348837209 0.00441953517713215 0.000997185439761017
8800 0.78625 0.0043701068415793 0.000851836602551725
9000 0.786222222222222 0.00432148173542071 0.000824058824773988
9200 0.786195652173913 0.00427444439151667 0.000797488776464794
9400 0.786276595744681 0.00422814418735042 0.000878432347232616
9600 0.786041666666667 0.00418554263868691 0.00064350326921836
9800 0.786224489795918 0.00414132411834307 0.000826326398470134
10000 0.7862 0.00409987268094998 0.000801836602551731
