A:
     0,911      0,677      0,115      0,586      0,153 
     0,677      0,847      0,309     0,0775      0,611 
     0,115      0,309      0,463      0,106      0,893 
     0,586     0,0775      0,106      0,488      0,481 
     0,153      0,611      0,893      0,481      0,146 
V:
     0,216       0,54     0,0529      0,185       0,79 
    0,0964       0,73      0,292      0,171     -0,585 
     0,406      0,214     -0,851     -0,206     -0,152 
     0,672     -0,354     0,0951      0,636    -0,0976 
     0,572    -0,0631      0,423     -0,699     0,0221 
T:
       1,6      0,824          0          0          0 
     0,824       1,11      0,328          0          0 
         0      0,328     -0,155      0,541          0 
         0          0      0,541      0,129        0,6 
         0          0          0        0,6      0,179 
VAV=T:
       1,6      0,824  -3,89e-16   5,55e-16   3,63e-15 
     0,824       1,11      0,328   1,11e-15   2,76e-15 
 -2,78e-16      0,328     -0,155      0,541   2,72e-16 
  6,25e-16   1,21e-15      0,541      0,129        0,6 
  3,72e-15   2,96e-15   2,78e-16        0,6      0,179 
