0 0
0.225806451612903 0.223892413776237
0.451612903225806 0.436417301745682
0.67741935483871 0.626784293177003
0.903225806451613 0.785328024017181
1.12903225806452 0.903998869352922
1.35483870967742 0.976771641130215
1.58064516129032 0.999951500621578
1.80645161290323 0.972361553770969
2.03225806451613 0.895402604775113
2.25806451612903 0.772982034076334
2.48387096774194 0.611315411792569
2.70967741935484 0.418610919120811
2.93548387096774 0.204652600355301
3.16129032258065 -0.0196963952389965
3.38709677419355 -0.243045360160509
3.61290322580645 -0.454054360733757
3.83870967741935 -0.642009991269708
4.06451612903226 -0.79736931797881
4.29032258064516 -0.912244395370171
4.51612903225806 -0.980802755140025
4.74193548387097 -0.999563533820018
4.96774193548387 -0.967574204112761
5.19354838709677 -0.886458936863777
5.41935483870968 -0.760336138222813
5.64516129032258 -0.595609348819917
5.87096774193548 -0.400642121479524
6.09677419354839 -0.185333384668614
6.32258064516129 0.0393851485599016
6.54838709677419 0.262104008440367
6.7741935483871 0.471515253159797
7 0.656986598718789




0 0
0.225806451612903 0.0253861343827236
0.451612903225806 0.100255625893099
0.67741935483871 0.220807180585829
0.903225806451613 0.380920122525963
1.12903225806452 0.572465154392488
1.35483870967742 0.785717100346791
1.58064516129032 1.00984867527413
1.80645161290323 1.23348021061346
2.03225806451613 1.44525742594812
2.25806451612903 1.63442791158272
2.48387096774194 1.79138705277815
2.70967741935484 1.90816567783243
2.93548387096774 1.97883467100824
3.16129032258065 1.99980600719069
3.38709677419355 1.97001492406274
3.61290322580645 1.89097398250379
3.83870967741935 1.76669627044213
4.06451612903226 1.60349164927612
4.29032258064516 1.40964638789535
4.51612903225806 1.19500245000957
4.74193548387097 0.970457795321986
4.96774193548387 0.747413065390236
5.19354838709677 0.537192747189132
5.41935483870968 0.350470203214341
5.64516129032258 0.196725760653116
5.87096774193548 0.0837653736643728
6.09677419354839 0.0173242973761508
6.32258064516129 0.000775895970821505
6.54838709677419 0.0349603693321752
6.7741935483871 0.118142094191103
7 0.246097745656695




0 0
0.03125 0.0309851108351042
0.0625 0.0619702216702084
0.09375 0.0929553325053126
0.125 0.123940443340417
0.15625 0.154925554175521
0.1875 0.185910665010625
0.21875 0.216895775845729
0.25 0.246662937487249
0.28125 0.276074863947306
0.3125 0.305486790407363
0.34375 0.33489871686742
0.375 0.364310643327477
0.40625 0.393722569787534
0.4375 0.423134496247591
0.46875 0.450864796631094
0.5 0.477210228480965
0.53125 0.503555660330835
0.5625 0.529901092180706
0.59375 0.556246524030576
0.625 0.582591955880447
0.65625 0.608937387730317
0.6875 0.633862138303797
0.71875 0.655803458196857
0.75 0.677744778089918
0.78125 0.699686097982978
0.8125 0.721627417876038
0.84375 0.743568737769099
0.875 0.765510057662159
0.90625 0.786917365695785
0.9375 0.803340563041356
0.96875 0.819763760386928
1 0.836186957732499
1.03125 0.85261015507807
1.0625 0.869033352423641
1.09375 0.885456549769212
1.125 0.901879747114783
1.15625 0.912770587379649
1.1875 0.922841819188114
1.21875 0.932913050996578
1.25 0.942984282805043
1.28125 0.953055514613508
1.3125 0.963126746421972
1.34375 0.973197978230437
1.375 0.978841271441944
1.40625 0.982049198425123
1.4375 0.985257125408303
1.46875 0.988465052391483
1.5 0.991672979374662
1.53125 0.994880906357842
1.5625 0.998088833341022
1.59375 0.998350298348998
1.625 0.994532046775922
1.65625 0.990713795202847
1.6875 0.986895543629772
1.71875 0.983077292056697
1.75 0.979259040483621
1.78125 0.975440788910546
1.8125 0.970300153351437
1.84375 0.95964958451719
1.875 0.948999015682942
1.90625 0.938348446848694
1.9375 0.927697878014446
1.96875 0.917047309180198
2 0.90639674034595
2.03125 0.895746171511702
2.0625 0.879006992627955
2.09375 0.862064860075892
2.125 0.845122727523829
2.15625 0.828180594971766
2.1875 0.811238462419703
2.21875 0.794296329867639
2.25 0.777354197315576
2.28125 0.756382336252554
2.3125 0.734008830490069
2.34375 0.711635324727584
2.375 0.689261818965098
2.40625 0.666888313202613
2.4375 0.644514807440128
2.46875 0.622141301677642
2.5 0.597550805173157
2.53125 0.570881879848048
2.5625 0.544212954522939
2.59375 0.517544029197829
2.625 0.49087510387272
2.65625 0.464206178547611
2.6875 0.437537253222502
2.71875 0.410014379527554
2.75 0.380404076484113
2.78125 0.350793773440672
2.8125 0.32118347039723
2.84375 0.291573167353789
2.875 0.261962864310348
2.90625 0.232352561266907
2.9375 0.202649484323209
2.96875 0.171601185825784
3 0.140552887328359
3.03125 0.109504588830934
3.0625 0.0784562903335084
3.09375 0.0474079918360834
3.125 0.0163596933386583
3.15625 -0.0146886051587668
3.1875 -0.0456208286673865
3.21875 -0.0765307300627744
3.25 -0.107440631458162
3.28125 -0.13835053285355
3.3125 -0.169260434248938
3.34375 -0.200170335644326
3.375 -0.231080237039714
3.40625 -0.260943445030562
3.4375 -0.290145583502752
3.46875 -0.319347721974943
3.5 -0.348549860447133
3.53125 -0.377751998919324
3.5625 -0.406954137391515
3.59375 -0.436156275863705
3.625 -0.464123412369612
3.65625 -0.490135129095569
3.6875 -0.516146845821527
3.71875 -0.542158562547484
3.75 -0.568170279273442
3.78125 -0.594181995999399
3.8125 -0.620193712725357
3.84375 -0.645477833383751
3.875 -0.666978454490814
3.90625 -0.688479075597877
3.9375 -0.70997969670494
3.96875 -0.731480317812004
4 -0.752980938919067
4.03125 -0.77448156002613
4.0625 -0.795982181133193
4.09375 -0.812241537819656
4.125 -0.828139427994354
4.15625 -0.844037318169051
4.1875 -0.859935208343748
4.21875 -0.875833098518445
4.25 -0.891730988693143
4.28125 -0.90762887886784
4.3125 -0.918977805704711
4.34375 -0.928465792994289
4.375 -0.937953780283866
4.40625 -0.947441767573444
4.4375 -0.956929754863022
4.46875 -0.9664177421526
4.5 -0.975905729442178
4.53125 -0.982059057283775
4.5625 -0.984655415047524
4.59375 -0.987251772811273
4.625 -0.989848130575022
4.65625 -0.992444488338771
4.6875 -0.99504084610252
4.71875 -0.997637203866269
4.75 -0.998421057759045
4.78125 -0.993993963022772
4.8125 -0.9895668682865
4.84375 -0.985139773550228
4.875 -0.980712678813956
4.90625 -0.976285584077684
4.9375 -0.971858489341411
4.96875 -0.967212082383971
5 -0.955986308791477
5.03125 -0.944760535198984
5.0625 -0.933534761606491
5.09375 -0.922308988013998
5.125 -0.911083214421504
5.15625 -0.899857440829011
5.1875 -0.888631667236518
5.21875 -0.872382731658312
5.25 -0.854928237203536
5.28125 -0.83747374274876
5.3125 -0.820019248293983
5.34375 -0.802564753839207
5.375 -0.785110259384431
5.40625 -0.767655764929654
5.4375 -0.747099164074365
5.46875 -0.724302153040929
5.5 -0.701505142007493
5.53125 -0.678708130974056
5.5625 -0.65591111994062
5.59375 -0.633114108907184
5.625 -0.610317097873747
5.65625 -0.586035065334451
5.6875 -0.559052993693594
5.71875 -0.532070922052736
5.75 -0.505088850411878
5.78125 -0.47810677877102
5.8125 -0.451124707130162
5.84375 -0.424142635489304
5.875 -0.396797322607901
5.90625 -0.367000131352819
5.9375 -0.337202940097738
5.96875 -0.307405748842657
6 -0.277608557587575
6.03125 -0.247811366332494
6.0625 -0.218014175077412
6.09375 -0.188216983822331
6.125 -0.157243568015049
6.15625 -0.126144128148603
6.1875 -0.0950446882821564
6.21875 -0.0639452484157101
6.25 -0.0328458085492637
6.28125 -0.00174636868281744
6.3125 0.0293530711836289
6.34375 0.0602650416736955
6.375 0.0910877410321527
6.40625 0.12191044039061
6.4375 0.152733139749067
6.46875 0.183555839107524
6.5 0.214378538465982
6.53125 0.245201237824439
6.5625 0.275192211235331
6.59375 0.304173231709895
6.625 0.333154252184459
6.65625 0.362135272659023
6.6875 0.391116293133587
6.71875 0.420097313608151
6.75 0.449078334082715
6.78125 0.477311232708515
6.8125 0.502979142138554
6.84375 0.528647051568593
6.875 0.554314960998633
6.90625 0.579982870428672
6.9375 0.605650779858711
6.96875 0.63131868928875
7 0.656986598718789




0 NaN
0.03125 0.0069966379305074
0.0625 0.0139932758610148
0.09375 0.0209899137915222
0.125 0.0279865517220296
0.15625 0.034983189652537
0.1875 0.0419798275830444
0.21875 0.0489764655135518
0.25 0.0358366588556803
0.28125 0.0494746995352329
0.3125 0.0631127402147854
0.34375 0.076750780894338
0.375 0.0903888215738905
0.40625 0.104026862253443
0.4375 0.117664902932996
0.46875 0.110570535751414
0.5 0.130157544913195
0.53125 0.149744554074976
0.5625 0.169331563236758
0.59375 0.188918572398539
0.625 0.208505581560321
0.65625 0.228092590722102
0.6875 0.227784775557365
0.71875 0.252326276307902
0.75 0.276867777058439
0.78125 0.301409277808976
0.8125 0.325950778559512
0.84375 0.350492279310049
0.875 0.375033780060586
0.90625 0.382034065772723
0.9375 0.410284030440002
0.96875 0.438533995107281
1 0.46678395977456
1.03125 0.495033924441839
1.0625 0.523283889109117
1.09375 0.551533853776396
1.125 0.579783818443675
1.15625 0.596616172385534
1.1875 0.627140286170853
1.21875 0.657664399956173
1.25 0.688188513741492
1.28125 0.718712627526811
1.3125 0.74923674131213
1.34375 0.77976085509745
1.375 0.802536024075078
1.40625 0.833784508469502
1.4375 0.865032992863926
1.46875 0.896281477258351
1.5 0.927529961652775
1.53125 0.958778446047199
1.5625 0.990026930441623
1.59375 1.01829677212225
1.625 1.04868307067759
1.65625 1.07906936923293
1.6875 1.10945566778828
1.71875 1.13984196634362
1.75 1.17022826489896
1.78125 1.2006145634543
1.8125 1.23365037849482
1.84375 1.26163170989404
1.875 1.28961304129327
1.90625 1.31759437269249
1.9375 1.34557570409171
1.96875 1.37355703549093
2 1.40153836689015
2.03125 1.42951969828938
2.0625 1.46248770828393
2.09375 1.48664339684882
2.125 1.51079908541371
2.15625 1.53495477397859
2.1875 1.55911046254348
2.21875 1.58326615110836
2.25 1.60742183967325
2.28125 1.64165088671166
2.3125 1.66075449333017
2.34375 1.67985809994869
2.375 1.69896170656721
2.40625 1.71806531318573
2.4375 1.73716891980425
2.46875 1.75627252642276
2.5 1.79052067922378
2.53125 1.8036022704463
2.5625 1.81668386166883
2.59375 1.82976545289135
2.625 1.84284704411388
2.65625 1.8559286353364
2.6875 1.86901022655893
2.71875 1.90190762252979
2.75 1.90830301629089
2.78125 1.91469841005199
2.8125 1.9210938038131
2.84375 1.9274891975742
2.875 1.9338845913353
2.90625 1.94027998509641
2.9375 1.97037964671088
2.96875 1.96976413435967
3 1.96914862200845
3.03125 1.96853310965723
3.0625 1.96791759730601
3.09375 1.96730208495479
3.125 1.96668657260357
3.15625 1.96607106025235
3.1875 1.98493136888763
3.21875 1.97733620138261
3.25 1.9697410338776
3.28125 1.96214586637258
3.3125 1.95455069886757
3.34375 1.94695553136255
3.375 1.93936036385753
3.40625 1.95294051193752
3.4375 1.93875131316459
3.46875 1.92456211439166
3.5 1.91037291561873
3.53125 1.8961837168458
3.5625 1.88199451807287
3.59375 1.86780531929994
3.625 1.87516606054492
3.65625 1.85510324831774
3.6875 1.83504043609056
3.71875 1.81497762386339
3.75 1.79491481163621
3.78125 1.77485199940903
3.8125 1.75478918718185
3.84375 1.75516411082814
3.875 1.7302463196413
3.90625 1.70532852845447
3.9375 1.68041073726763
3.96875 1.65549294608079
4 1.63057515489395
4.03125 1.60565736370711
4.0625 1.58073957252028
4.09375 1.57000410728815
4.125 1.54149646993283
4.15625 1.51298883257751
4.1875 1.48448119522219
4.21875 1.45597355786688
4.25 1.42746592051156
4.28125 1.39895828315624
4.3125 1.38189996510828
4.34375 1.35124987901015
4.375 1.32059979291202
4.40625 1.2899497068139
4.4375 1.25929962071577
4.46875 1.22864953461765
4.5 1.19799944851952
4.53125 1.17480614126618
4.5625 1.1435697808343
4.59375 1.11233342040243
4.625 1.08109705997055
4.65625 1.04986069953868
4.6875 1.0186243391068
4.71875 0.987387978674924
4.75 0.958527749140042
4.78125 0.928291055261518
4.8125 0.898054361382994
4.84375 0.86781766750447
4.875 0.837580973625947
4.90625 0.807344279747423
4.9375 0.777107585868899
4.96875 0.74334096289767
5 0.715639121120677
5.03125 0.687937279343684
5.0625 0.660235437566691
5.09375 0.632533595789698
5.125 0.604831754012705
5.15625 0.577129912235712
5.1875 0.549428070458719
5.21875 0.515746551296784
5.25 0.491986046977321
5.28125 0.468225542657858
5.3125 0.444465038338395
5.34375 0.420704534018932
5.375 0.396944029699469
5.40625 0.373183525380007
5.4375 0.338172344408794
5.46875 0.319559552258171
5.5 0.300946760107549
5.53125 0.282333967956927
5.5625 0.263721175806304
5.59375 0.245108383655682
5.625 0.226495591505059
5.65625 0.191446548434699
5.6875 0.178926482138464
5.71875 0.166406415842229
5.75 0.153886349545994
5.78125 0.141366283249758
5.8125 0.128846216953523
5.84375 0.116326150657288
5.875 0.0826618358581495
5.90625 0.0768701675872553
5.9375 0.0710784993163611
5.96875 0.0652868310454669
6 0.0594951627745728
6.03125 0.0537034945036786
6.0625 0.0479118262327844
6.09375 0.0421201579618902
6.125 0.0183623005857304
6.15625 0.0195930864782274
6.1875 0.0208238723707243
6.21875 0.0220546582632212
6.25 0.0232854441557181
6.28125 0.0245162300482151
6.3125 0.025747015940712
6.34375 0.0063211691072978
6.375 0.0145119193710593
6.40625 0.0227026696348208
6.4375 0.0308934198985822
6.46875 0.0390841701623437
6.5 0.0472749204261052
6.53125 0.0554656706898667
6.5625 0.0414661438563093
6.59375 0.0562009955175529
6.625 0.0709358471787966
6.65625 0.0856706988400402
6.6875 0.100405550501284
6.71875 0.115140402162528
6.75 0.129875253823771
6.78125 0.122275670011564
6.8125 0.142806501221526
6.84375 0.163337332431488
6.875 0.183868163641451
6.90625 0.204398994851413
6.9375 0.224929826061375
6.96875 0.245460657271337
7 0.265991488481299
