-3 -0.999977894851102
-2.875 -0.999952120464865
-2.75 -0.999899338666567
-2.625 -0.999794564994445
-2.5 -0.999592964536606
-2.375 -0.999216952820867
-2.25 -0.99853715334125
-2.125 -0.99734583210427
-2 -0.995322139581219
-1.875 -0.99198997276661
-1.75 -0.986671652155294
-1.625 -0.978443791119842
-1.5 -0.966105266402972
-1.375 -0.948170209967293
-1.25 -0.922900219942947
-1.125 -0.888388226979099
-1 -0.84270068974759
-0.875 -0.784074925009414
-0.75 -0.711155569636656
-0.625 -0.623240952417462
-0.5 -0.520500016304747
-0.375 -0.40411694412452
-0.25 -0.276326261353527
-0.125 -0.140316192477912
0 9.99999971718069E-10
0.125 0.140316192477912
0.25 0.276326261353527
0.375 0.40411694412452
0.5 0.520500016304747
0.625 0.623240952417462
0.75 0.711155569636656
0.875 0.784074925009414
1 0.84270068974759
1.125 0.888388226979099
1.25 0.922900219942947
1.375 0.948170209967293
1.5 0.966105266402972
1.625 0.978443791119842
1.75 0.986671652155294
1.875 0.99198997276661
2 0.995322139581219
2.125 0.99734583210427
2.25 0.99853715334125
2.375 0.999216952820867
2.5 0.999592964536606
2.625 0.999794564994445
2.75 0.999899338666567
2.875 0.999952120464865
3 0.999977894851102


0.1 9.51350760020597
0.225 4.05295821526885
0.35 2.54614695418689
0.475 1.86458831617536
0.6 1.48919223700414
0.725 1.26015652897543
0.85 1.11248372918729
0.975 1.01506311765591
1.1 0.951350760020597
1.225 0.911915598435492
1.35 0.891151433965412
1.475 0.885679450183296
1.6 0.893515342202484
1.725 0.913613483507183
1.85 0.945611169809197
1.975 0.98968653971451
2.1 1.04648583602266
2.225 1.11709660808348
2.35 1.20305443585331
2.475 1.30637718902036
2.6 1.42962454752397
2.725 1.57598325904989
2.85 1.74938066414701
2.975 1.95463091593616
3.1 2.19762025564758
3.225 2.48553995298574
3.35 2.82717792425527
3.475 3.2332835428254
3.6 3.71702382356233
3.725 4.29455438091095
3.85 4.98573489281899
3.975 5.81502697491007
4.1 6.8126227925075
4.225 8.015866348379
4.35 9.47104604625516
4.475 11.2356603113182
4.6 13.3812857648244
4.725 15.9972150688933
4.85 19.1950793373531
4.975 23.1147322252675


0.1 2.25271264138442
0.225 1.39944703801219
0.35 0.934581218103001
0.475 0.623040286731552
0.6 0.39823385013965
0.725 0.231235942593136
0.85 0.10659510950168
0.975 0.0149507954430194
1.1 -0.0498724516096251
1.225 -0.0922078387655307
1.35 -0.115240906395676
1.475 -0.121400188215944
1.6 -0.112591773626341
1.725 -0.0903476815343266
1.85 -0.0559238199960952
1.975 -0.0103670125412705
2.1 0.0454377281946998
2.225 0.11073300523116
2.35 0.184863686054662
2.475 0.267257801575839
2.6 0.357411855619395
2.725 0.454879368948996
2.85 0.559261819094138
2.975 0.670201385811815
3.1 0.787375072924077
3.225 0.910489920849363
3.35 1.03927901421073
3.475 1.17349819759649
3.6 1.31292330064683
3.725 1.4573477970642
3.85 1.6065808133747
3.975 1.76044542480941
4.1 1.91877718441518
4.225 2.0814228710971
4.35 2.2482393600477
4.475 2.41909267661325
4.6 2.5938571461089
4.725 2.77241464889573
4.85 2.95465396167439
4.975 3.1404701729157
