The lowest energy E0. found for rmin = 0.001 and rmax = 8: 0.001 Hartree.
Exact result: -0.5 Hartree.




0.001   0.000999    0.998
0.002   0.00199600000183322    0.996000004693943
0.004   0.00398400004054383    0.99200004223316
0.008   0.00793600067841757    0.984000342388126
0.0154970272477265   0.0152568789996707    0.969008434376109
0.0265605983619936   0.025855215854418    0.946891291334844
0.0405968544902927   0.0389492014437718    0.918850737798531
0.0567735072996775   0.0535519995218378    0.886574191795
0.0743078595407419   0.0687912475836285    0.851655283458248
0.0925808784070352   0.0840217907891084    0.815360906087538
0.111147645392615   0.0988189909848318    0.778606571649436
0.129707029995217   0.112929645102262    0.742015175787373
0.148063925187399   0.126219829436861    0.705992124391579
0.166096829871309   0.138633232521431    0.670790600415532
0.183733620562658   0.150161670903736    0.636560785788381
0.20093463884505   0.160825524621221    0.603384503063247
0.2176813157404   0.170661238352131    0.571298709582102
0.23396867695328   0.179713531636876    0.540311118025906
0.249800459952783   0.188030634568827    0.510410482491248
0.265185949911331   0.195661426633902    0.481573351022622
0.280137933353884   0.202653757872486    0.453768504249813
0.29467137460991   0.209053498886583    0.426959885399736
0.308802559101368   0.214904037577661    0.401108546132785
0.322548538643369   0.220246048035796    0.376173947634923
0.335926772818506   0.225117423714646    0.352114836438148
0.34895489820596   0.229553308198189    0.328889837341188
0.361650581307197   0.233586182247868    0.30645785643531
0.374031426339421   0.237245981502273    0.284778355632942
0.386114918846543   0.240560228938976    0.263811539795351
0.39791839233891   0.243554172297043    0.243518484429354
0.409459009211057   0.246250920501302    0.22386122334457
0.420753749823484   0.248671575580622    0.20480280996466
0.43181940539318   0.250835358154886    0.186307362110296
0.442672571551939   0.252759725598339    0.16834009734614
0.453329640314639   0.254460482666582    0.150867363982535
0.463806788886376   0.255951884820506    0.133856671276541
0.474119964310424   0.25724673476643    0.117276721122076
0.484284863465463   0.258356472902426    0.101097442461057
0.494316908381441   0.2592912624444    0.0852900287401501
0.50423121726182   0.2600600700202    0.069826977967331
0.514042571966427   0.260670742479616    0.0546821342951443
0.523765383007627   0.261130080584514    0.0398307295889773
0.533413653326022   0.261443910128517    0.0252494231444962
0.543000942227046   0.261617150902089    0.0109163376064127
0.552540330870954   0.261653883779188    -0.00318891079406947
0.562044390619868   0.261557416068046    -0.0170851893434271
0.571525155370392   0.261330345151099    -0.0307898346058268
0.580994098760566   0.260974620345421    -0.0443186477262552
0.590462116861698   0.260491602849264    -0.0576858997027258
0.599939516676194   0.259882123603427    -0.0709043466018827
0.609436010486452   0.259146538885961    -0.0839852542870324
0.61896071585656   0.258284783470895    -0.0969384318947526
0.628522160891038   0.25729642121056    -0.109772273050064
0.638128294209154   0.256180692940704    -0.122493803654077
0.647786498999979   0.254936561652314    -0.135108735006478
0.657503610477815   0.253562754919082    -0.147621521026478
0.667285936052913   0.252057804611243    -0.16003541839473
0.677139277559578   0.250420083962582    -0.172352548539168
0.687068954934067   0.248647842086496    -0.184573960514323
0.697079830799703   0.246739236058684    -0.196699693963271
0.707176335489269   0.244692360698559    -0.208728841493186
0.7173624921094   0.242505276189614    -0.220659609931628
0.727641941324084   0.240176033681593    -0.232489380055815
0.738017965601612   0.237702699015613    -0.244214764497995
0.748493512729752   0.235083374708274    -0.255831663625224
0.759071218456566   0.232316220323344    -0.267335319271268
0.769753428159065   0.229399471350609    -0.278720366262697
0.780542217479048   0.226331456701638    -0.289980881731932
0.791439411895632   0.22311061492208    -0.301110432248569
0.802446605227784   0.219735509210102    -0.312102118828664
0.813565177078655   0.216204841320978    -0.322948619901295
0.824796309247242   0.21251746442893    -0.333642232324463
0.836141001142911   0.208672395009073    -0.344174910549499
0.847600084245092   0.204668823794975    -0.354538304035994
0.859174235654813   0.200506125860783    -0.364723793018801
0.870863990787052   0.196183869871142    -0.374722522725918
0.882669755253766   0.191701826537186    -0.384525436141543
0.894591815987117   0.187059976312656    -0.394123305403104
0.906630351651343   0.182258516360626    -0.40350676191488
0.918785442389964   0.177297866818366    -0.412666325254359
0.93105707895297   0.172178676385389    -0.421592430940997
0.943445171246269   0.16690182725778    -0.430275457130685
0.955949556343248   0.161468439430287    -0.438705750293176
0.968570005995766   0.155879874386424    -0.446873649924016
0.981306233679491   0.150137738195874    -0.454769512337293
0.994157901206006   0.144243884037776    -0.462383733580657
1.00712462493187   0.13820041416795    -0.469706771509764
1.02020598159257   0.132009681347811    -0.476729167055359
1.03340151378724   0.125674289752475    -0.483441564712815
1.04671073513801   0.119197095375498    -0.489834732280895
1.06013313514616   0.112581205947663    -0.495899579873916
1.07366818376515   0.1058299803873    -0.50162717822925
1.0873153357095   0.0989470277997217    -0.50700877633024
1.10107403451636   0.0919362060435313    -0.512035818363064
1.11494371637557   0.0848016198817109    -0.516699960024858
1.1289238137422   0.0775476187356253    -0.520993084199494
1.14301375874463   0.0701787940602707    -0.524907316016776
1.15721298639931   0.0626999763593288    -0.528435037310407
1.17152093764238   0.05511623185881    -0.53156890049005
1.18593706218674   0.0474328588582962    -0.534301841842897
1.20046082121173   0.0396553837790193    -0.536627094280624
1.21509168989116   0.0317895569282307    -0.538538199548312
1.22982915976366   0.0238413479995304    -0.540029019912881
1.24467274094765   0.0158169413290266    -0.541093749349898
1.25962196420143   0.00772273092738556    -0.541726924249207
1.27467638282647   -0.000434684692001662    -0.541923433661859
1.28983557441001   -0.0086485078683678    -0.541678529113149
1.30509914239995   -0.0169117473119601    -0.540987834009437
1.32046671750243   -0.0252172237649475    -0.539847352669732
1.33593795888857   -0.0335575757843315    -0.53825347901695
1.35151255519325   -0.0419252656264509    -0.536203004968271
1.36719022528394   -0.0503125852128949    -0.533693128569336
1.38297071877245   -0.0587116621580204    -0.530721461923108
1.39885381623625   -0.0671144658388604    -0.527286038971303
1.41483932910921   -0.0755128134890688    -0.523385323194398
1.43092709919302   -0.083898376299759    -0.519018215305574
1.44711699773185   -0.0922626855117569    -0.514184061024584
1.46340892398128   -0.100597138486027    -0.508882659029698
1.47980280319093   -0.108893004742006    -0.503114269199649
1.49629858390567   -0.11714143195749    -0.496879621273012
1.51289623447437   -0.12533345192879    -0.490179924069815
1.5295957386376   -0.133459986496442    -0.483016875439435
1.54639709004485   -0.141511853450116    -0.47539267311991
1.56330028553059   -0.149479772437042    -0.467310026716554
1.58030531695358   -0.157354370911689    -0.458772171031792
1.59741216137888   -0.165126190181273    -0.449782881002808
1.6146207693552   -0.172785691622597    -0.440346488527835
1.63193105101409   -0.180323263171551    -0.430467901484228
1.64934285969327   -0.187729226218164    -0.420152625259404
1.66685597276624   -0.194993843078339    -0.409406787126274
1.68447006934861   -0.202107325259097    -0.398237163793329
1.70218470455177   -0.209059842788123    -0.386651212440333
1.71999927997444   -0.215841534940838    -0.374657105505785
1.73791301016912   -0.222442522769101    -0.362263769412353
1.75592488490467   -0.228852923913563    -0.349480927289339
1.77403362718001   -0.235062870264178    -0.336319145563
1.79223764714138   -0.241062529115557    -0.32278988402067
1.8105349923315   -0.246842128538329    -0.30890554859723
1.82892329506718   -0.252391987743176    -0.294679545668599
1.84739971821278   -0.25770255323545    -0.28012633605786
1.86596090119207   -0.262764441525154    -0.265261486267319
1.88460290874936   -0.26756848904523    -0.250101713663136
1.90332118569858   -0.272105809713532    -0.234664921502422
1.92211052162717   -0.276367860224042    -0.218970218883141
1.94096503015375   -0.280346512650455    -0.203037920030882
1.95987814774687   -0.284034133284052    -0.186889516968683
1.97884265713792   -0.287423665825227    -0.170547619730228
1.99785073984131   -0.290508716155191    -0.154035859061379
2.01689406108671   -0.29328363502208    -0.137378748162414
2.03596388850534   -0.295743594213816    -0.120601502516879
2.05505124324368   -0.297884651314916    -0.103729820150558
2.07414707901404   -0.299703798112757    -0.0867896284977922
2.09324248130324   -0.301198988249977    -0.0698068079651591
2.11232887604784   -0.302369140855547    -0.0528069056788505
2.1313982350772   -0.30321411856021    -0.0358148551574712
2.15044326497026   -0.303734680329061    -0.0188547182579985
2.16945756689898   -0.303932411649897    -0.00194946444967634
2.18843575748314   -0.303809636488568    0.0148792006239114
2.20737354430221   -0.303369316782599    0.0316109497871096
2.22626775392812   -0.3026149459093    0.04822688979017
2.24511631450489   -0.301550442485295    0.0647095602011495
2.2639181984211   -0.300180050115702    0.081042882556079
2.28267333309744   -0.298508247498077    0.097212069531785
2.30138248918028   -0.296539671831172    0.113203505397011
2.32004715555265   -0.294279057007889    0.129004609121889
2.3386694097725   -0.2917311867646    0.144603690556006
2.35725179112865   -0.288900861927506    0.159989808388214
2.37579718178462   -0.285792880185148    0.175152636549407
2.39430869972272   -0.282412026413814    0.190082343627608
2.41278960560094   -0.278763071442516    0.204769487959003
2.43124322430309   -0.274850777202548    0.219204929471538
2.44967288094624   -0.270679906396932    0.23337975814138
2.4680818504003   -0.266255235088959    0.247285238070182
2.48647331893818   -0.261581566900074    0.260912765659048
2.50485035641754   -0.256663747792959    0.274253840082512
2.52321589734305   -0.251506680675295    0.287300044187869
2.54157272921962   -0.246115339282685    0.300043034002466
2.55992348673957   -0.240494780982126    0.312474535173903
2.57827065051779   -0.234650158281387    0.32458634485672
2.59661654927344   -0.228586728938735    0.336370337765544
2.61496336453863   -0.222309864646782    0.347818475319598
2.6333131371439   -0.215825058319366    0.358922816994908
2.65166777488093   -0.209137930046541    0.369675533171825
2.67002906087357   -0.202254231804475    0.380068918913913
2.68839866229768   -0.195179851018311    0.390095408239628
2.70677813918077   -0.187920813079711    0.399747588551856
2.72516895308563   -0.180483282919551    0.40901821497453
2.74357247553994   -0.172873565731637    0.417900224412776
2.76198999611934   -0.165098106936918    0.426386749205899
2.78042273012647   -0.157163491470253    0.434471130283593
2.79887182583437   -0.149076442464158    0.442146929767054
2.81733837128264   -0.140843819396395    0.449407942980362
2.83582340062832   -0.132472615761222    0.456248209854947
2.85432790006374   -0.123969956317523    0.462662025722738
2.87285281331996   -0.115343093961178    0.468643951502617
2.89139904677866   -0.106599406263798    0.474188823291095
2.90996747421771   -0.0977463917153075    0.479291761372318
2.92855894121653   -0.088791665703909    0.483948178665155
2.94717426924731   -0.0797429562634692    0.488153788626691
2.96581425947759   -0.0706080996154367    0.491904612632222
2.98447969630809   -0.0613950355298754    0.495196986852138
3.00317135066853   -0.0521118025280705    0.498027568646058
3.02188998309205   -0.0427665329473728    0.50039334249435
3.04063634658696   -0.0333674478874405    0.502291625486964
3.05941118932254   -0.0239228520557883    0.503720072389275
3.07821525714338   -0.0144411285295048    0.504676680304553
3.09704929592464   -0.00493073344913648    0.505159792952726
3.11591405377827   0.00459980933999036    0.505168104585394
3.1348102831179   0.014141913684341    0.504700663557575
3.15373874258778   0.0236869365424872    0.503756875577442
3.17270019885857   0.0332261834154702    0.50233650665647
3.19169542828985   0.0427509137739369    0.500439685783844
3.21072521845688   0.0522523464691827    0.498066907350886
3.22979036953532   0.0617216651156712    0.495219033353496
3.2488916955346   0.071150023433087    0.491897295403412
3.26803002536685   0.0805285505365579    0.488103296582341
3.28720620373367   0.089848356164402    0.48383901317687
3.30642109180865   0.0991005358336577    0.479106796336543
3.32567556768804   0.108276175914811    0.473909373702637
3.34497052657589   0.117366358618608    0.468249851061047
3.36430688066336   0.126362166889727    0.462131714079371
3.3836855586541   0.135254689204486    0.455558830195797
3.40310750487917   0.144035024272809    0.44853545073574
3.42257367793538   0.152694285648479    0.441066213341424
3.4420850487704   0.161223606256537    0.433156144809669
3.46164259812625   0.169614142852618    0.42481066444395
3.48124731324046   0.177857080436386    0.416035588038185
3.50090018369043   0.185943636650296    0.406837132621414
3.52060219625279   0.193865066205894    0.397221922104115
3.54035432863525   0.201612665393214    0.387196993977754
3.56015754192466   0.209177776744759    0.376769807228449
3.58001277158293   0.2165517939445    0.365948251632113
3.59992091681234   0.223726167094506    0.354740658600577
3.61988282810685   0.230692408477497    0.343155813743929
3.63989929280711   0.237442098982829    0.33120297130099
3.65997101848744   0.243966895395967    0.318891870564273
3.68009861402692   0.250258538786912    0.306232754384026
3.70028256825741   0.256308864270122    0.293236389773557
3.7205232261437   0.262109812445556    0.279914090549999
3.7408207625408   0.267653442864807    0.266277741825905
3.76117515369473   0.272931949894045    0.252339826012848
3.78158614681025   0.277937681361631    0.23811344980503
3.80205322820559   0.282663160376228    0.223612371377717
3.82257559080689   0.287101110673257    0.208851026765
3.84315210200106   0.291244485785061    0.193844554082444
3.86378127314997   0.295086502224271    0.178608813948979
3.88446123235264   0.298620676713103    0.163160404164306
3.90518970229416   0.301840867279059    0.1475166664486
3.92596398520207   0.304741317770289    0.131695682894939
3.94678095699777   0.307316705030123    0.115716259772174
3.96763707263568   0.309562187627766    0.0995978964970803
3.98852838432637   0.311473454699651    0.0833607380104872
4.00945057381988   0.313046773151768    0.0670255094632313
4.03039899918437   0.314279031252079    0.0506134330328201
4.05136875559415   0.315167776548747    0.034146127799673
4.07235474861511   0.315711246120876    0.0176454948197933
4.09335177745457   0.315908387423386    0.0011335907114961
4.1143546247517   0.315758868421896    -0.0153675059173655
4.1353581488471   0.315263076295033    -0.0318358301761299
4.15635737418028   0.314422104653696    -0.0482496634212383
4.17734757556931   0.313237729916001    -0.0645876574757812
4.19832435261631   0.311712378105585    -0.0808289460266623
4.21928369128902   0.309849083841652    -0.0969532396713803
4.24022201074254   0.307651443614633    -0.112940902303996
4.26113619453702   0.305123565571819    -0.128773007830128
4.28202360644934   0.302270017980919    -0.144431377438296
4.30288209196864   0.299095778326849    -0.159898598711993
4.32370996723863   0.295606184673349    -0.175158028667577
4.34450599763799   0.291806890536289    -0.190193783316461
4.36526936838038   0.287703824116529    -0.204990716585254
4.38599964950089   0.283303152364955    -0.219534391422823
4.4066967574248   0.278611250026939    -0.233811045733754
4.42736091503742   0.273634673552371    -0.247807555463681
4.44799261184189   0.268380139564754    -0.261511396779842
4.46859256544336   0.26285450745501    -0.27491060888713
4.48916168526473   0.257064765594246    -0.287993758631139
4.50970103910044   0.251018020633878    -0.300749907688636
4.53021182286111   0.244721489369888    -0.313168582845597
4.55069533365756   0.23818249268002    -0.325239749618055
4.57115294621572   0.231408451089361    -0.336953789280472
4.59158609250026   0.224406881573951    -0.348301479225251
4.61199624434721   0.217185395268234    -0.359273976478486
4.63238489885922   0.209751695796875    -0.369862804133559
4.65275356629273   0.202113578002041    -0.380059840428303
4.67310376016043   0.19427892688261    -0.389857310176498
4.69343698927835   0.186255716601232    -0.39924777826468
4.71375475150119   0.178052009448778    -0.408224144935913
4.73405852890946   0.169675954683733    -0.416779642599567
4.75434978423391   0.161135787187155    -0.424907833927416
4.77462995832597   0.152439825892384    -0.432602611019439
4.79490046850597   0.143596471963543    -0.439858195446092
4.81516270764217   0.134614206708482    -0.446669138996467
4.83541804383436   0.125501589220851    -0.453030324983164
4.8556678205933   0.116267253752828    -0.458936969974335
4.87591335742416   0.106919906825228    -0.464384625841248
4.89615595073596   0.0974683240854569    -0.46936918202565
4.91639687501172   0.0879213469265363    -0.473886867945414
4.93663738418454   0.078287878882314    -0.477934255469405
4.95687871317425   0.0685768818152246    -0.481508261403452
4.97712207954673   0.058797371913775    -0.484606149938899
4.99736868526463   0.048958415517351    -0.487225535023538
5.01761971850358   0.039069124786123    -0.489364382622049
5.03787635551237   0.0291386532338224    -0.491021012839533
5.05813976249917   0.0191761911410233    -0.492194101887327
5.07841109752858   0.00919096086633899    -0.49288268387542
5.09869151241644   -0.000807787927331688    -0.493086152420302
5.11898215461097   -0.0108107831146984    -0.492804262061251
5.13928416904967   -0.0208087350016397    -0.492037129481979
5.15959869998186   -0.0307923412543206    -0.490785234538187
5.17992689274695   -0.0407522918481382    -0.489049421095201
5.20026989549784   -0.0506792740211704    -0.486830897683367
5.22062886085805   -0.0605639772172436    -0.484131237982477
5.24100494749991   -0.0703970980042262    -0.480952381150207
5.26139932162899   -0.0801693449537198    -0.477296632013419
5.28181315835805   -0.0898714434689825    -0.47316666114536
5.30224764295036   -0.0994941405487202    -0.468565504856233
5.32270397190917   -0.10902820947536    -0.463496565129539
5.34318335388576   -0.118464454417631    -0.457963609541914
5.36368701037364   -0.12779371493878    -0.451970771210081
5.38421617615092   -0.137006870403642    -0.445522548815023
5.40477209942635   -0.14609484428012    -0.438623806760595
5.42535604163708   -0.155048608333573    -0.431279775531636
5.44596927683793   -0.163859186716248    -0.423496052325124
5.46661309061258   -0.172517659958391    -0.415278602037137
5.48728877842658   -0.181015168873262    -0.406633758698187
5.50799764333092   -0.189342918395074    -0.397568227459803
5.5287409929125   -0.197492181377181    -0.388089087245841
5.549520135375   -0.205454302387949    -0.378203794192474
5.57033637462035   -0.213220701553769    -0.367920186010833
5.591191004188   -0.220782878513156    -0.357246487414931
5.61208529989685   -0.228132416562831    -0.346191316764058
5.63302051102439   -0.23526098709656    -0.334763694071831
5.65399784985088   -0.242160354460393    -0.322973050532082
5.67501847939391   -0.248822381373804    -0.310829239702456
5.69608349916474   -0.255239035095056    -0.29834255046767
5.71719392879287   -0.261402394540233    -0.28552372187257
5.73835068939492   -0.267304658598064    -0.272383959866999
5.75955458261001   -0.272938155915299    -0.258934955936202
5.78080626729216   -0.278295356457855    -0.245188907497885
5.80210623394369   -0.283368885178087    -0.231158539826563
5.82345477709637   -0.288151538134296    -0.216857129114408
5.84485196600179   -0.292636301409687    -0.202298526094422
5.86629761417833   -0.296816373158462    -0.187497179437856
5.88779124857673   -0.300685189059493    -0.172468157899141
5.90933207936134   -0.304236451376355    -0.157227169929069
5.93091897154552   -0.307464161700109    -0.141790579228137
5.95255041994672   -0.310362657284084    -0.126175414491464
5.97422452911209   -0.312926650667768    -0.110399371435915
5.99593899997634   -0.315151272034743    -0.0944808051353002
6.01769112501439   -0.317032113469489    -0.0784387107582484
6.03947779351001   -0.318565273989667    -0.062292691038674
6.06129550825471   -0.319747403961378    -0.0460629092320546
6.08314041451038   -0.320575747287786    -0.0297700269243159
6.10500834143064   -0.321048179630706    -0.0134351268407628
6.1268948553795   -0.321163240911104    0.002920378301503
6.14879532377741   -0.320920160458983    0.0192748489209478
6.17070498732732   -0.320318873451384    0.0356065308277305
6.19261903781778   -0.319360027676224    0.0518936730432576
6.21453269824664   -0.318044980157327    0.0681146471525881
6.23644130181784   -0.316375783724906    0.0842480640040313
6.25834036645823   -0.314355164160341    0.100272883746955
6.28022566186863   -0.311986489029048    0.11616851568515
6.30209326671305   -0.309273729694684    0.131914905157657
6.32393961428745   -0.306221418251745    0.147492605552707
6.34576152580786   -0.30283460121068    0.162882834512382
6.36755623123196   -0.299118791727595    0.178067514299498
6.38932137820909   -0.295079922011961    0.193029297095197
6.4110550302932   -0.290724297302261    0.207751576623143
6.43275565592781   -0.286058552506662    0.222218487929075
6.45442210992104   -0.281089612296841    0.236414897383727
6.47605360918843   -0.275824655145969    0.250326385042918
6.49764970447988   -0.270271081536731    0.263939221423777
6.51921024965582   -0.264436486344346    0.277240340578558
6.54073536987111   -0.258328635228104    0.290217311104946
6.56222542979015   -0.251955444742164    0.302858306457362
6.58368100271756   -0.245324965797965    0.315152075644322
6.60510284130268   -0.238445370069654    0.327087915131747
6.62649185027272   -0.23132493892276    0.338655642534037
6.64784906147627   -0.223972054457323    0.34984557247037
6.66917561137719   -0.216395192282918    0.360648494795437
6.69047272102685   -0.20860291567863    0.371055655280718
6.71174167846003   -0.200603870831512    0.381058738721314
6.73298382339987   -0.192406782888821    0.390649854370276
6.75420053411842   -0.184020452600006    0.399821523552609
6.77539321627632   -0.175453753362396    0.408566669280216
6.79656329355465   -0.166715628518889    0.416878607672834
6.81771219989073   -0.157815088786275    0.424751040984843
6.83884137313526   -0.148761209719001    0.432178052040638
6.85995224995792   -0.139563129135482    0.43915409988962
6.88104626184123   -0.130230044452667    0.445674016503694
6.90212483201654   -0.120771209889966    0.45173300435421
6.92318937321065   -0.111195933516176    0.457326634720094
6.94424128608572   -0.101513574123156    0.462450846594085
6.96528195826924   -0.0917335379180671    0.467101946068632
6.98631276388322   -0.0818652750323247    0.471276606097016
7.00733506349384   -0.0719182758503688    0.474971866538268
7.02835020441316   -0.0619020671651608    0.478185134406491
7.04935952129384   -0.0518262081701911    0.480914184256098
7.07036433696623   -0.0417002862999391    0.483157158644419
7.09136596347423   -0.031533912932296    0.484912568622029
7.11236570327229   -0.0213367189675733    0.486179294209247
7.13336485055147   -0.011118350299487    0.486956584824453
7.1543646926664   -0.000888463193987899    0.48724405963648
7.17536651163881   0.00934328040791036    0.487041707819272
7.19637158571593   0.0195672176470467    0.486349888692493
7.21738119096417   0.0297736895465308    0.485169331736856
7.23839660288004   0.0399530458395465    0.483501136477721
7.25941909800123   0.0500956498086389    0.481346772235079
7.28044995550072   0.060191883120884    0.47870807774251
7.30149045874708   0.0702321506437243    0.475587260642097
7.32254189681275   0.0802068852267382    0.471986896866746
7.343605565911   0.0901065524352051    0.467909929925945
7.36468277074015   0.0999216552220632    0.463359670115752
7.3857748257111   0.109642738525763    0.458339793678906
7.40688305603055   0.119260393782643    0.452854341946322
7.42800879860882   0.128765263343855    0.446907720497088
7.44915340275573   0.138148044788595    0.440504698380423
7.47031823062278   0.147399495127562    0.433650407449904
7.49150465734306   0.156510434893253    0.426350341867783
7.51271407081284   0.165471752117025    0.418610357845301
7.53394787105027   0.174274406196979    0.41043667369365
7.55520746905693   0.182909431665759    0.401835870269578
7.57649428509761   0.191367941873575    0.39281489190946
7.59780974630172   0.199641132609322    0.38338104795586
7.61915528347802   0.20772028569176    0.37354201499084
7.64053232702067   0.215596772573777    0.363305839900275
7.66194230177239   0.223262058015826    0.352680943902446
7.68338662069698   0.230707703900148    0.341676127681658
7.70486667720298   0.237925373275548    0.330300577772313
7.72638383595056   0.244906834743432    0.318563874339546
7.74793942196909   0.251643967319709    0.306476000497354
7.76953470791348   0.258128765933857    0.294047353292025
7.79117089929645   0.264353347755633    0.281288756454905
7.81284911755436   0.270309959570925    0.268211474991097
7.83457038083871   0.275990986459851    0.254827231616136
7.8563355824793   0.281388962060701    0.241148224977276
7.87814546714007   0.286496580730083    0.227187149496285
7.90000060479088   0.291306711929206    0.212957216543374
7.92190136274853   0.295812417174267    0.198472176495312
7.94384787620176   0.300006969879919    0.183746341044946
7.96584001782446   0.303883878392779    0.168794604917595
7.9878773672954   0.307436912450253    0.153632465919542
8   0.309248407518953    0.145221195259698
