0 0
0.225806451612903 0.223892413776237
0.451612903225806 0.436417301745682
0.67741935483871 0.626784293177003
0.903225806451613 0.785328024017181
1.12903225806452 0.903998869352922
1.35483870967742 0.976771641130215
1.58064516129032 0.999951500621578
1.80645161290323 0.972361553770969
2.03225806451613 0.895402604775113
2.25806451612903 0.772982034076334
2.48387096774194 0.611315411792569
2.70967741935484 0.418610919120811
2.93548387096774 0.204652600355301
3.16129032258065 -0.0196963952389965
3.38709677419355 -0.243045360160509
3.61290322580645 -0.454054360733757
3.83870967741935 -0.642009991269708
4.06451612903226 -0.79736931797881
4.29032258064516 -0.912244395370171
4.51612903225806 -0.980802755140025
4.74193548387097 -0.999563533820018
4.96774193548387 -0.967574204112761
5.19354838709677 -0.886458936863777
5.41935483870968 -0.760336138222813
5.64516129032258 -0.595609348819917
5.87096774193548 -0.400642121479524
6.09677419354839 -0.185333384668614
6.32258064516129 0.0393851485599016
6.54838709677419 0.262104008440367
6.7741935483871 0.471515253159797
7 0.656986598718789




0 0
0.225806451612903 0.0253861343827236
0.451612903225806 0.100255625893099
0.67741935483871 0.220807180585829
0.903225806451613 0.380920122525963
1.12903225806452 0.572465154392488
1.35483870967742 0.785717100346791
1.58064516129032 1.00984867527413
1.80645161290323 1.23348021061346
2.03225806451613 1.44525742594812
2.25806451612903 1.63442791158272
2.48387096774194 1.79138705277815
2.70967741935484 1.90816567783243
2.93548387096774 1.97883467100824
3.16129032258065 1.99980600719069
3.38709677419355 1.97001492406274
3.61290322580645 1.89097398250379
3.83870967741935 1.76669627044213
4.06451612903226 1.60349164927612
4.29032258064516 1.40964638789535
4.51612903225806 1.19500245000957
4.74193548387097 0.970457795321986
4.96774193548387 0.747413065390236
5.19354838709677 0.537192747189132
5.41935483870968 0.350470203214341
5.64516129032258 0.196725760653116
5.87096774193548 0.0837653736643728
6.09677419354839 0.0173242973761508
6.32258064516129 0.000775895970821505
6.54838709677419 0.0349603693321752
6.7741935483871 0.118142094191103
7 0.246097745656695




0 1
0.225806451612903 0.974613865617276
0.451612903225806 0.899744374106901
0.67741935483871 0.779192819414171
0.903225806451613 0.619079877474037
1.12903225806452 0.427534845607512
1.35483870967742 0.214282899653209
1.58064516129032 -0.00984867527412734
1.80645161290323 -0.233480210613462
2.03225806451613 -0.445257425948116
2.25806451612903 -0.634427911582721
2.48387096774194 -0.791387052778147
2.70967741935484 -0.908165677832426
2.93548387096774 -0.978834671008242
3.16129032258065 -0.99980600719069
3.38709677419355 -0.970014924062743
3.61290322580645 -0.890973982503787
3.83870967741935 -0.766696270442128
4.06451612903226 -0.603491649276116
4.29032258064516 -0.409646387895354
4.51612903225806 -0.195002450009573
4.74193548387097 0.0295422046780136
4.96774193548387 0.252586934609764
5.19354838709677 0.462807252810868
5.41935483870968 0.649529796785659
5.64516129032258 0.803274239346884
5.87096774193548 0.916234626335627
6.09677419354839 0.982675702623849
6.32258064516129 0.999224104029178
6.54838709677419 0.965039630667825
6.7741935483871 0.881857905808897
7 0.753902254343305




0 0
0.03125 0.0312444812778883
0.0625 0.0624585748696425
0.09375 0.0936118930891283
0.125 0.124674048250212
0.15625 0.155614652666758
0.1875 0.186403318652634
0.21875 0.217009658521705
0.25 0.24740340391013
0.28125 0.277555245235983
0.3125 0.30743633470428
0.34375 0.337017827480654
0.375 0.36627087873074
0.40625 0.395166643620171
0.4375 0.42367627731458
0.46875 0.451771017639946
0.5 0.479423632471467
0.53125 0.506608238176919
0.5625 0.533298997291386
0.59375 0.559470072349951
0.625 0.585095625887698
0.65625 0.610149820439712
0.6875 0.634606842704952
0.71875 0.658442448125366
0.75 0.681634894650546
0.78125 0.70416266401174
0.8125 0.726004237940196
0.84375 0.74713809816716
0.875 0.76754272642388
0.90625 0.787196605259057
0.9375 0.806079403922469
0.96875 0.824174351252431
1 0.841465340707678
1.03125 0.857936265746944
1.0625 0.873571019828965
1.09375 0.888353496412478
1.125 0.902267588956216
1.15625 0.915297876892941
1.1875 0.927432995625397
1.21875 0.93866306587498
1.25 0.948978210593554
1.28125 0.958368552732985
1.3125 0.966824215245138
1.34375 0.974335321081878
1.375 0.980892294448169
1.40625 0.986489349727163
1.4375 0.991123290723013
1.46875 0.994790971360858
1.5 0.997489245565835
1.53125 0.999214967263082
1.5625 0.999964990377736
1.59375 0.999736253529879
1.625 0.99852864042605
1.65625 0.996345670872839
1.6875 0.993191089502016
1.71875 0.989068640945348
1.75 0.983982069834605
1.78125 0.977935120801555
1.8125 0.970931546575077
1.84375 0.962976966305315
1.875 0.954081239478799
1.90625 0.944254811310478
1.9375 0.9335081270153
1.96875 0.921851631808215
2 0.909295770904172
2.03125 0.895850989518118
2.0625 0.881528664896545
2.09375 0.866344281472784
2.125 0.850314454683186
2.15625 0.833455799998619
2.1875 0.81578493288995
2.21875 0.797318468828048
2.25 0.778073023283782
2.28125 0.758065574305978
2.3125 0.737316342076418
2.34375 0.715847253459081
2.375 0.693680250575602
2.40625 0.670837275547617
2.4375 0.647340270496763
2.46875 0.623211177544674
2.5 0.598472035345539
2.53125 0.573146943273699
2.5625 0.547261976509887
2.59375 0.520843289775208
2.625 0.493917037790765
2.65625 0.466509375277662
2.6875 0.438646456957004
2.71875 0.410354449314748
2.75 0.381660504631634
2.78125 0.352593490452597
2.8125 0.323182446163686
2.84375 0.293456411150956
2.875 0.263444424800457
2.90625 0.233175526498241
2.9375 0.202678755693479
2.96875 0.171983435118451
3 0.141119822004384
3.03125 0.110118366006732
3.0625 0.0790095167809456
3.09375 0.0478237239824777
3.125 0.0165914372667805
3.15625 -0.014656893710694
3.1875 -0.0458908326406115
3.21875 -0.0770800304531782
3.25 -0.108194173126587
3.28125 -0.13920294673395
3.3125 -0.170076037348376
3.34375 -0.200783131042976
3.375 -0.231293913890862
3.40625 -0.26157813623343
3.4375 -0.291606462579043
3.46875 -0.321350237645467
3.5 -0.350780822341695
3.53125 -0.379869577576719
3.5625 -0.408587864259531
3.59375 -0.436907043299121
3.625 -0.464798505852706
3.65625 -0.492234913835515
3.6875 -0.51919063699713
3.71875 -0.545640165152276
3.75 -0.57155798811568
3.78125 -0.596918595702068
3.8125 -0.621696477726166
3.84375 -0.645866127096562
3.875 -0.669403179123857
3.90625 -0.692286112723491
3.9375 -0.714493841832524
3.96875 -0.736005280388013
4 -0.756799342327017
4.03125 -0.776854941586594
4.0625 -0.796150992103804
4.09375 -0.814667157538048
4.125 -0.832386742539063
4.15625 -0.849294155482887
4.1875 -0.865373804991479
4.21875 -0.880610099686798
4.25 -0.894987448190804
4.28125 -0.908490259125455
4.3125 -0.921103315596309
4.34375 -0.932815138686876
4.375 -0.943616397767301
4.40625 -0.953497787846213
4.4375 -0.962450003932238
4.46875 -0.970463741034004
4.5 -0.977529694160138
4.53125 -0.983638685929756
4.5625 -0.988784708844329
4.59375 -0.992965061518965
4.625 -0.996177197440645
4.65625 -0.998418570096349
4.6875 -0.999686632973057
4.71875 -0.999978839557749
4.75 -0.999292663070409
4.78125 -0.997627784013988
4.8125 -0.994988076000649
4.84375 -0.991377881571191
4.875 -0.98680154326641
4.90625 -0.981263403627106
4.9375 -0.974767805194077
4.96875 -0.9673190905454
5 -0.958922823725498
5.03125 -0.949589004479164
5.0625 -0.939328639131314
5.09375 -0.928152734006869
5.125 -0.916072295430746
5.15625 -0.903098329727865
5.1875 -0.889241843223143
5.21875 -0.874514377466851
5.25 -0.858931348732517
5.28125 -0.842509878787112
5.3125 -0.825267096796563
5.34375 -0.807220131926795
5.375 -0.788386113343736
5.40625 -0.768782170213312
5.4375 -0.748425600921377
5.46875 -0.727336440649554
5.5 -0.705536941267681
5.53125 -0.683049418393228
5.5625 -0.659896187643667
5.59375 -0.636099564636466
5.625 -0.611681864989096
5.65625 -0.586665436355893
5.6875 -0.561074281524983
5.71875 -0.534934825931095
5.75 -0.508273687567132
5.78125 -0.481117484425998
5.8125 -0.453492834500596
5.84375 -0.42542635578383
5.875 -0.396944666992532
5.90625 -0.368074868924385
5.9375 -0.338845378798591
5.96875 -0.309284836476778
6 -0.279421881820569
6.03125 -0.24928515469159
6.0625 -0.218903294951467
6.09375 -0.188304942461824
6.125 -0.157519232630041
6.15625 -0.126577954918248
6.1875 -0.09551378360141
6.21875 -0.064359393563992
6.25 -0.0331474596904594
6.28125 -0.0019106568652773
6.3125 0.029318340027089
6.34375 0.0605074034311724
6.375 0.0916305264674954
6.40625 0.122665539115006
6.4375 0.153590330453074
6.46875 0.184382789561067
6.5 0.215020805518355
6.53125 0.245482267404307
6.5625 0.275744502342388
6.59375 0.305768423387682
6.625 0.335496319590244
6.65625 0.36486947384512
6.6875 0.393829169047355
6.71875 0.422316688091995
6.75 0.450273313874085
6.78125 0.477640610614618
6.8125 0.504404022820795
6.84375 0.530640101136484
6.875 0.556436734543433
6.90625 0.58188181202339
6.9375 0.607063222558103
6.96875 0.63206885512932
7 0.656986598718789




0 0
0.03125 0.000488234587266659
0.0625 0.00195246354147079
0.09375 0.00439126243982486
0.125 0.00780225724434962
0.15625 0.0121821243018742
0.1875 0.0175265903440359
0.21875 0.0238304324872804
0.25 0.0310874789545692
0.28125 0.0392906253720615
0.3125 0.0484318614499686
0.34375 0.0585022754922048
0.375 0.0694920544016106
0.40625 0.0813904836799526
0.4375 0.0941859474279232
0.46875 0.107865928699281
0.5 0.122417030238505
0.53125 0.137825030633684
0.5625 0.15407490088924
0.59375 0.171150804588813
0.625 0.18903609789527
0.65625 0.207713329550693
0.6875 0.227164240937288
0.71875 0.247369782980889
0.75 0.268310194373298
0.78125 0.289965040176089
0.8125 0.31231321300494
0.84375 0.335332933029628
0.875 0.359001747974031
0.90625 0.383296533116749
0.9375 0.408193501484332
0.96875 0.43366828907718
1 0.459696023876414
1.03125 0.486251330533743
1.0625 0.51330833037146
1.09375 0.540840641382444
1.125 0.568821378230159
1.15625 0.597223156916321
1.1875 0.626018170835771
1.21875 0.655178291554545
1.25 0.684675081978676
1.28125 0.714479796356443
1.3125 0.74456338027837
1.34375 0.774896470677228
1.375 0.805449397346446
1.40625 0.836192239550347
1.4375 0.867094949263945
1.46875 0.898127380008473
1.5 0.929259286990323
1.53125 0.960460327101048
1.5625 0.991700058917363
1.59375 1.02294794297862
1.625 1.05417337681326
1.65625 1.08534582304223
1.6875 1.11643486028638
1.71875 1.14741018418626
1.75 1.17824160740219
1.78125 1.20889905961423
1.8125 1.23935258753442
1.84375 1.26957237255121
1.875 1.29952884431854
1.90625 1.32919275521299
1.9375 1.35853518402412
1.96875 1.38752753595445
2 1.41614154261946
2.03125 1.4443492620476
2.0625 1.47212308572692
2.09375 1.4994358238241
2.125 1.52626079661724
2.15625 1.55257184361789
2.1875 1.57834332357107
2.21875 1.60355011445525
2.25 1.62816761348238
2.28125 1.6521717391995
2.3125 1.67553898483946
2.34375 1.69824651207524
2.375 1.72027216824038
2.40625 1.74159448635971
2.4375 1.76219268514937
2.46875 1.78204666901679
2.5 1.80113702844995
2.53125 1.81944506705351
2.5625 1.83695288037651
2.59375 1.85364338100235
2.625 1.86950029884944
2.65625 1.88450818117126
2.6875 1.8986523925563
2.71875 1.91191911495478
2.75 1.92429535795704
2.78125 1.93576901035367
2.8125 1.94632886746335
2.84375 1.95596463208553
2.875 1.96466691450051
2.90625 1.97242723246939
2.9375 1.97923801123412
2.96875 1.98509258587537
3 1.98998522288175
3.03125 1.99391113888727
3.0625 1.99686650207771
3.09375 1.99884843219053
3.125 1.99985500051497
3.15625 1.99988522989198
3.1875 1.99893909462679
3.21875 1.99701751890612
3.25 1.99412237454783
3.28125 1.99025648068014
3.3125 1.98542360374147
3.34375 1.97962845748045
3.375 1.97287670295594
3.40625 1.96517494822926
3.4375 1.95653073514434
3.46875 1.9469525083939
3.5 1.93644960769119
3.53125 1.92503226772109
3.5625 1.91271161814007
3.59375 1.89949968357616
3.625 1.88540938353754
3.65625 1.87045451778791
3.6875 1.85464970855638
3.71875 1.83801037584024
3.75 1.82055273683011
3.78125 1.80229380590986
3.8125 1.78325139465667
3.84375 1.76344411183711
3.875 1.74289135294982
3.90625 1.72161322687549
3.9375 1.69963050428471
3.96875 1.67696461478756
4 1.65363764693355
4.03125 1.6296723482117
4.0625 1.60509212505046
4.09375 1.57992103733844
4.125 1.55418372541961
4.15625 1.52790532605535
4.1875 1.50111146323771
4.21875 1.47382824818935
4.25 1.44608227936345
4.28125 1.41790064244377
4.3125 1.38931090826837
4.34375 1.36034107327563
4.375 1.33101944714222
4.40625 1.30137463038394
4.4375 1.27143551429759
4.46875 1.24123128096093
4.5 1.21079140323271
4.53125 1.18014564427026
4.5625 1.14932401727644
4.59375 1.11835665903249
4.625 1.08727378652268
4.65625 1.0561056963098
4.6875 1.02488276453519
4.71875 0.993635446918694
4.75 0.96239427871893
4.78125 0.931189852461811
4.8125 0.900052696686357
4.84375 0.869013206945272
4.875 0.838101643086859
4.90625 0.807348129255022
4.9375 0.776782653889266
4.96875 0.746435069724684
5 0.716335083940272
5.03125 0.686512159412949
5.0625 0.656995422682215
5.09375 0.627813656339915
5.125 0.598995299030241
5.15625 0.57056844544973
5.1875 0.542560846347268
5.21875 0.51499990515195
5.25 0.487912609935829
5.28125 0.461325429618783
5.3125 0.435264297845438
5.34375 0.409754612973989
5.375 0.384821238076194
5.40625 0.360488500937374
5.4375 0.336780193288788
5.46875 0.313719532491016
5.5 0.29132906511392
5.53125 0.269630640573167
5.5625 0.248645410921376
5.59375 0.228393830848122
5.625 0.208895657679932
5.65625 0.190169951291478
5.6875 0.172235055674174
5.71875 0.155108520162447
5.75 0.138807063249002
5.78125 0.123346571614264
5.8125 0.10874210012638
5.84375 0.0950078718412198
5.875 0.0821572780016447
5.90625 0.0702028737633896
5.9375 0.0591563454861378
5.96875 0.0490284860488529
6 0.0398291933348225
6.03125 0.0315674702316587
6.0625 0.0242514246312975
6.09375 0.0178882694299995
6.125 0.0124843190315545
6.15625 0.00804493789526016
6.1875 0.00457447699088318
6.21875 0.00207626619851141
6.25 0.000552614308093207
6.28125 4.80901943738024E-06
6.3125 0.000433116942213211
6.34375 0.00183678649260088
6.375 0.00421414231114386
6.40625 0.00756277658026922
6.4375 0.0118795903671917
6.46875 0.0171607937728564
6.5 0.0234019059319386
6.53125 0.0305977550128438
6.5625 0.0387424762350008
6.59375 0.0478293101429973
6.625 0.0578499191046191
6.65625 0.0687941348887658
6.6875 0.0806499543548074
6.71875 0.0934035394525839
6.75 0.107039217222406
6.78125 0.121539480291343
6.8125 0.13688541539289
6.84375 0.153059238656284
6.875 0.170045844162787
6.90625 0.187832872524342
6.9375 0.20641071088357
6.96875 0.225772492913771
7 0.245914098818926




0 0.999985468551809
0.03125 0.999499265573663
0.0625 0.998040656639222
0.09375 0.995609641748488
0.125 0.99220622090146
0.15625 0.987830394098139
0.1875 0.982482161338524
0.21875 0.976161522622615
0.25 0.968883273914918
0.28125 0.960680731823009
0.3125 0.951555155031369
0.34375 0.941506543539996
0.375 0.930534897348892
0.40625 0.918640216458057
0.4375 0.90582250086749
0.46875 0.892096221000021
0.5 0.87753332840446
0.53125 0.862143636931583
0.5625 0.845927146581392
0.59375 0.828883857353886
0.625 0.811013769249066
0.65625 0.79231688226693
0.6875 0.77280038757695
0.71875 0.75256359522952
0.75 0.731638218282005
0.78125 0.710024256734406
0.8125 0.687721710586722
0.84375 0.664730579838954
0.875 0.641050864491102
0.90625 0.616683375457587
0.9375 0.591729837447401
0.96875 0.566260890116744
1 0.540276533465617
1.03125 0.513776767494019
1.0625 0.486761592201951
1.09375 0.459231007589413
1.125 0.431185013656405
1.15625 0.402699219984473
1.1875 0.373895701302675
1.21875 0.344776117080563
1.25 0.315340467318138
1.28125 0.285588752015399
1.3125 0.255520971172347
1.34375 0.225137124788982
1.375 0.194482039326223
1.40625 0.16371271946344
1.4375 0.132842725205061
1.46875 0.101872056551086
1.5 0.0708007135015147
1.53125 0.0396286960563478
1.5625 0.00835600421558497
1.59375 -0.0229979733935833
1.625 -0.0542692938820748
1.65625 -0.0854207861539743
1.6875 -0.116452450209282
1.71875 -0.147364286047997
1.75 -0.17815629367012
1.78125 -0.208828473075651
1.8125 -0.239376808098189
1.84375 -0.269660621353501
1.875 -0.299610187730451
1.90625 -0.329225507229037
1.9375 -0.35850657984926
1.96875 -0.38745340559112
2 -0.416065984454617
2.03125 -0.444344316439751
2.0625 -0.472195944017655
2.09375 -0.499515979258361
2.125 -0.526304319431281
2.15625 -0.552560964536415
2.1875 -0.578285914573762
2.21875 -0.603479169543323
2.25 -0.628140729445098
2.28125 -0.652223679844023
2.3125 -0.675610158199077
2.34375 -0.698294488661783
2.375 -0.720276671232143
2.40625 -0.741556705910154
2.4375 -0.762134592695819
2.46875 -0.782010331589136
2.5 -0.801165967535556
2.53125 -0.819500433216312
2.5625 -0.836997947821741
2.59375 -0.853658511351843
2.625 -0.869482123806617
2.65625 -0.884468785186066
2.6875 -0.898618495490187
2.71875 -0.91192736447364
2.75 -0.924330218520039
2.78125 -0.935803812212778
2.8125 -0.94634814555186
2.84375 -0.955963218537282
2.875 -0.964649031169045
2.90625 -0.97240558344715
2.9375 -0.979232781451469
2.96875 -0.985105337187927
3 -0.990003503949914
3.03125 -0.993927281737431
3.0625 -0.996876670550478
3.09375 -0.998851670389054
3.125 -0.999852281253159
3.15625 -0.999878503142794
3.1875 -0.998931863675166
3.21875 -0.997015122052357
3.25 -0.994128334769088
3.28125 -0.990271501825359
3.3125 -0.985444623221169
3.34375 -0.979647698956519
3.375 -0.972880729031408
3.40625 -0.965153779889177
3.4375 -0.956506364411299
3.46875 -0.946942498021155
3.5 -0.936462180718746
3.53125 -0.925065412504071
3.5625 -0.912752193377132
3.59375 -0.899522523337926
3.625 -0.885383903946094
3.65625 -0.870410152632243
3.6875 -0.854620075389632
3.71875 -0.838013672218261
3.75 -0.820590943118131
3.78125 -0.802351888089241
3.8125 -0.783296507131592
3.84375 -0.763426641711295
3.875 -0.742832229033222
3.90625 -0.721563062341022
3.9375 -0.699619141634695
3.96875 -0.677000466914241
4 -0.653707038179659
4.03125 -0.629738855430949
4.0625 -0.605095918668113
4.09375 -0.579855164915105
4.125 -0.554115121133643
4.15625 -0.527876153254875
4.1875 -0.501138261278799
4.21875 -0.473901445205417
4.25 -0.446165705034729
4.28125 -0.417931040766733
4.3125 -0.389248109819077
4.34375 -0.360258941356525
4.375 -0.330972013170047
4.40625 -0.301387325259643
4.4375 -0.271504877625313
4.46875 -0.241324670267056
4.5 -0.210846703184874
4.53125 -0.180096294299754
4.5625 -0.149235590830115
4.59375 -0.118293398943837
4.625 -0.0872697186409196
4.65625 -0.0561645499213636
4.6875 -0.0249778927851687
4.71875 0.00629025276766529
4.75 0.0376325460596048
4.78125 0.0688965533337443
4.8125 0.100021599302347
4.84375 0.131007683965411
4.875 0.161854807322939
4.90625 0.192562969374929
4.9375 0.223132170121382
4.96875 0.253562298614799
5 0.283740077459351
5.03125 0.31356565390651
5.0625 0.343039027956277
5.09375 0.372160199608652
5.125 0.400929168863635
5.15625 0.429345935721225
5.1875 0.457410500181423
5.21875 0.485059149018341
5.25 0.512163334427427
5.28125 0.53871938652687
5.3125 0.564727305316671
5.34375 0.590187090796829
5.375 0.615098742967344
5.40625 0.639462261828217
5.4375 0.663249669684542
5.46875 0.686337571085649
5.5 0.708711372727712
5.53125 0.730371074610732
5.5625 0.751316676734709
5.59375 0.771548179099643
5.625 0.791065581705533
5.65625 0.809860217123829
5.6875 0.827831729425586
5.71875 0.844951465954432
5.75 0.861219426710369
5.78125 0.876635611693395
5.8125 0.891200020903511
5.84375 0.904912654340717
5.875 0.917772973401065
5.90625 0.929741357031727
5.9375 0.940793265090382
5.96875 0.950928697577029
6 0.960147654491668
6.03125 0.968450135834299
6.0625 0.975836141604923
6.09375 0.982305671803539
6.125 0.9878060569957
6.15625 0.992261450508583
6.1875 0.995671247718581
6.21875 0.998035448625692
6.25 0.999354053229916
6.28125 0.999627061531255
6.3125 0.998854473529706
6.34375 0.997113853563268
6.375 0.994648095851376
6.40625 0.991474788679289
6.4375 0.987593932047008
6.46875 0.983005525954533
6.5 0.977709570401864
6.53125 0.971706065389001
6.5625 0.964875555146914
6.59375 0.95634223385878
6.625 0.945929965212099
6.65625 0.933638749206871
6.6875 0.919468585843098
6.71875 0.903419475120778
6.75 0.885491417039911
6.78125 0.865804015317434
6.8125 0.847523107113856
6.84375 0.832054646326213
6.875 0.819398632954505
6.90625 0.809555066998733
6.9375 0.802523948458895
6.96875 0.798305277334992
7 0.796899053627025
