0 3.04159265358979
0.0625 3.04056806659557
0.125 3.03765580048571
0.1875 3.03254723397253
0.25 3.02538523933807
0.3125 3.01647652725391
0.375 3.00530786630515
0.4375 2.99137755539103
0.5 2.97489911417487
0.5625 2.95552111852215
0.625 2.93288992441175
0.6875 2.90670855708365
0.75 2.87618016713339
0.8125 2.8410167846188
0.875 2.80081111007361
0.9375 2.75474685290311
1 2.70190810523916
1.0625 2.64174071280805
1.125 2.57331177440841
1.1875 2.49529605381596
1.25 2.406932108717
1.3125 2.3068519844685
1.375 2.19412396225425
1.4375 2.06734810553095
1.5 1.92529440462413
1.5625 1.76761981042706
1.625 1.59301592395643
1.6875 1.40207245369342
1.75 1.19541311543841
1.8125 0.973650133887657
1.875 0.739335021584299
1.9375 0.495770032403579
2 0.246773677984112
2.0625 -0.00305888499173361
2.125 -0.248976167520984
2.1875 -0.486313700220463
2.25 -0.710957257576599
2.3125 -0.919569814722265
2.375 -1.10952313071847
2.4375 -1.27934022857805
2.5 -1.42803610902587
2.5625 -1.55507737247972
2.625 -1.66087127415711
2.6875 -1.74583109694911
2.75 -1.81045157241263
2.8125 -1.8552420159975
2.875 -1.88053782629549
2.9375 -1.88703290606381
3 -1.87504144735747
3.0625 -1.8447846447619
3.125 -1.79641256354507
3.1875 -1.72967852641696
3.25 -1.64481567171278
3.3125 -1.54212991652136
3.375 -1.42182887740057
3.4375 -1.28389236981199
3.5 -1.12979056397092
3.5625 -0.960609253381047
3.625 -0.778270839775699
3.6875 -0.585106798685236
3.75 -0.384289888988983
3.8125 -0.179361112573854
3.875 0.0258298631194861
3.9375 0.227345077617842
4 0.421379078669762
4.0625 0.604510359811047
4.125 0.773827338544396
4.1875 0.926998866610326
4.25 1.06240729563928
4.3125 1.17868146514344
4.375 1.27538426251746
4.4375 1.35211987063924
4.5 1.40885184853868
4.5625 1.44532936311333
4.625 1.46209813764763
4.6875 1.45955759414511
4.75 1.43744590018056
4.8125 1.3967022512742
4.875 1.33758431014035
4.9375 1.26029457697311
5 1.16586107393674
5.0625 1.05519811386483
5.125 0.929436553228898
5.1875 0.790071112773669
5.25 0.639148417593563
5.3125 0.479049779871933
5.375 0.312511984326008
5.4375 0.142632848845206
5.5 -0.0273535055325824
5.5625 -0.194177267159426
5.625 -0.354702559340362
5.6875 -0.506022440681755
5.75 -0.645637217522073
5.8125 -0.771434558703623
5.875 -0.88187653159478
5.9375 -0.975476660307289
6 -1.05181318199071
6.0625 -1.11013836308479
6.125 -1.15005968123407
6.1875 -1.17190107529856
6.25 -1.17538997991278
6.3125 -1.16108702378658
6.375 -1.12909946151251
6.4375 -1.0802621270826
6.5 -1.01493938946516
6.5625 -0.93436993070479
6.625 -0.839307911400389
6.6875 -0.731430134828573
6.75 -0.612299994852182
6.8125 -0.483903439498898
6.875 -0.348527744768153
6.9375 -0.208610583230345
7 -0.0668801965568765
7.0625 0.0739501591310408
7.125 0.211179573505946
7.1875 0.342187858667427
7.25 0.464760468521022
7.3125 0.576692518552348
7.375 0.676382872844262
7.4375 0.762398931299445
7.5 0.833656822836567
7.5625 0.889597231080633
7.625 0.929629547362785
7.6875 0.953403456243729
7.75 0.961234370718403
7.8125 0.952846000939548
7.875 0.929008031117095
7.9375 0.889837949725038
8 0.836433541386878
8.0625 0.76933016205309
8.125 0.689854328175498
8.1875 0.599325532616442
8.25 0.499287692983795
8.3125 0.391554115765169
8.375 0.278098080903527
8.4375 0.161088036336311
8.5 0.0427980043807923
8.5625 -0.0744940225395973
8.625 -0.188506904577367
8.6875 -0.297162843704516
8.75 -0.398458139748778
8.8125 -0.490658505559666
8.875 -0.57235983496864
8.9375 -0.642264672811978
9 -0.699487676296404
9.0625 -0.743390314423967
9.125 -0.773646942932851
9.1875 -0.789682210877635
9.25 -0.791801548139794
9.3125 -0.780265106696001
9.375 -0.755058488147549
9.4375 -0.717178922011947
9.5 -0.666995940974465
9.5625 -0.605726834249414
9.625 -0.534397389671174
9.6875 -0.454291489854981
9.75 -0.3669231386123
9.8125 -0.273979965715963
9.875 -0.177261663394103
9.9375 -0.0786270506597899




0 0
0.0625 -0.0310568008904436
0.125 -0.0622446022424527
0.1875 -0.0942875351021837
0.25 -0.127817637928063
0.3125 -0.16295928643981
0.375 -0.200532213687997
0.4375 -0.241810083471357
0.5 -0.286893431212355
0.5625 -0.33664632215965
0.625 -0.391965350003693
0.6875 -0.453632243910678
0.75 -0.523331662404178
0.8125 -0.601780097762406
0.875 -0.689859752233452
0.9375 -0.789174859543194
1 -0.901441209192795
1.0625 -1.02756606219405
1.125 -1.16902211817185
1.1875 -1.3277394401873
1.25 -1.50429663612821
1.3125 -1.69983210412059
1.375 -1.91413157213377
1.4375 -2.14675735804346
1.5 -2.39560993345515
1.5625 -2.65623875084673
1.625 -2.92271119629725
1.6875 -3.18592762376413
1.75 -3.4350439447059
1.8125 -3.65545260245826
1.875 -3.83233300266283
1.9375 -3.9523685936768
2 -4.00311306164032
2.0625 -3.97861776971971
2.125 -3.87794674154775
2.1875 -3.70622078640237
2.25 -3.47395834785107
2.3125 -3.19450577339837
2.375 -2.88168873622766
2.4375 -2.54884449058244
2.5 -2.20671227248348
2.5625 -1.86359566076444
2.625 -1.52506832278856
2.6875 -1.19425493401619
2.75 -0.872448392456733
2.8125 -0.559563289271004
2.875 -0.254596652181618
2.9375 0.044192608709276
3 0.338627580842525
3.0625 0.630437873269713
3.125 0.920970754984187
3.1875 1.21089955437037
3.25 1.49991551942308
3.3125 1.78645956279304
3.375 2.06750277076733
3.4375 2.33780931231458
3.5 2.59109951127339
3.5625 2.81896912825675
3.625 3.01221299543207
3.6875 3.16065373767249
3.75 3.25591417351032
3.8125 3.29145263697043
3.875 3.26405730103339
3.9375 3.17418024319837
4 3.0259730068924
4.0625 2.82675680244247
4.125 2.58563854358322
4.1875 2.31240012372191
4.25 2.01650829597157
4.3125 1.70596620597844
4.375 1.38754798861586
4.4375 1.06610817875976
4.5 0.745040944808682
4.5625 0.426579297210911
4.625 0.111970011622123
4.6875 -0.198062588154862
4.75 -0.502745139652907
4.8125 -0.80142778272853
4.875 -1.09275919280475
4.9375 -1.37444693454364
5 -1.64354655709083
5.0625 -1.89591146020558
5.125 -2.12621263328866
5.1875 -2.32814845795877
5.25 -2.49521592343607
5.3125 -2.62099636863235
5.375 -2.69973406769579
5.4375 -2.72767535052882
5.5 -2.70312052442071
5.5625 -2.62679805088007
5.625 -2.50194942053358
5.6875 -2.33361901707622
5.75 -2.12843034244283
5.8125 -1.89344317348705
5.875 -1.63584918609164
5.9375 -1.36187899328817
6 -1.07743354484716
6.0625 -0.786942438808299
6.125 -0.494104869955957
6.1875 -0.201853194018008
6.25 0.087377786556617
6.3125 0.371507664764996
6.375 0.648271531873815
6.4375 0.915424879000817
6.5 1.16988508665889
6.5625 1.40857430086087
6.625 1.62702502623569
6.6875 1.82114681794626
6.75 1.98597548637348
6.8125 2.11678041687794
6.875 2.20950840386163
6.9375 2.26031206956193
7 2.26774127351672
7.0625 2.23145691700337
7.125 2.15272967805375
7.1875 2.0343229411001
7.25 1.88101398312259
7.3125 1.69730091918398
7.375 1.48896418159697
7.4375 1.26130973100243
7.5 1.01945558762235
7.5625 0.768110858677269
7.625 0.511238507320218
7.6875 0.252387309974326
7.75 -0.00531688036591414
7.8125 -0.258911082128093
7.875 -0.505743956785386
7.9375 -0.742728879902655
8 -0.967126298802477
8.0625 -1.17527366502754
8.125 -1.36384235339423
8.1875 -1.52913747605511
8.25 -1.66740913442275
8.3125 -1.77527679706539
8.375 -1.84967956837094
8.4375 -1.88847621006231
8.5 -1.89069342620786
8.5625 -1.85645096402519
8.625 -1.78676069820431
8.6875 -1.68442360683704
8.75 -1.55243521225564
8.8125 -1.39475516032768
8.875 -1.21578463514222
8.9375 -1.0197054794745
9 -0.810854643168655
9.0625 -0.593226982171
9.125 -0.370517840987713
9.1875 -0.146082130330984
9.25 0.0768540098833115
9.3125 0.295354646457274
9.375 0.506262403078984
9.4375 0.706905105793786
9.5 0.893907804861436
9.5625 1.06452522555658
9.625 1.21557868925275
9.6875 1.34397591790239
9.75 1.44692981003677
9.8125 1.52215133831566
9.875 1.56798693211194
9.9375 1.58323989724569




0 3.04159265358979
0.0625 3.03539285156819
0.125 3.01751516719175
0.1875 2.98784377756206
0.25 2.9466360723152
0.3125 2.89414910878831
0.375 2.82995782507828
0.4375 2.75467644520502
0.5 2.66888861999892
0.5625 2.57290847052014
0.625 2.46632979452257
0.6875 2.35026728288503
0.75 2.2252432804605
0.8125 2.0916139327705
0.875 1.94938347417726
0.9375 1.79974343578521
1 1.64323309636975
1.0625 1.48022389198037
1.125 1.31126424551914
1.1875 1.13732327623136
1.25 0.959027219001705
1.3125 0.776853744518753
1.375 0.591639811618048
1.4375 0.404180230961191
1.5 0.215149771629691
1.5625 0.0252286374042252
1.625 -0.16475797388611
1.6875 -0.354115970753496
1.75 -0.542142216835089
1.8125 -0.727930096575933
1.875 -0.9109124584354
1.9375 -1.09043075770364
2 -1.26567952862255
2.0625 -1.43580806290445
2.125 -1.60044360537991
2.1875 -1.75899345784367
2.25 -1.9104821198008
2.3125 -2.05440659519666
2.375 -2.1904898609625
2.4375 -2.31824144775532
2.5 -2.4364763057739
2.5625 -2.54527651474584
2.625 -2.64437147156516
2.6875 -2.73331142526579
2.75 -2.81097423786234
2.8125 -2.87790706818548
2.875 -2.9338698218375
2.9375 -2.97830495539242
3 -3.01070452225884
3.0625 -3.03162166994774
3.125 -3.04098120556384
3.1875 -3.03812692115581
3.25 -3.02325776226101
3.3125 -2.99686270537735
3.375 -2.95903607406971
3.4375 -2.90907118327148
3.5 -2.84785726685073
3.5625 -2.77578558967553
3.625 -2.69303871846587
3.6875 -2.59916972949174
3.75 -2.49540707850773
3.8125 -2.38212517223577
3.875 -2.25947484807172
3.9375 -2.12769295109632
4 -1.98781435216672
4.0625 -1.8403427627826
4.125 -1.68547545902748
4.1875 -1.52395178767304
4.25 -1.3566281795606
4.3125 -1.18410673010098
4.375 -1.00672780228689
4.4375 -0.825476172085106
4.5 -0.641079401627797
4.5625 -0.454190800027539
4.625 -0.265426547021364
4.6875 -0.0756829353382722
4.75 0.114356848759038
4.8125 0.303974851428708
4.875 0.492348318887978
4.9375 0.6788219681532
5 0.862724489982792
5.0625 1.04318872381319
5.125 1.21949481675794
5.1875 1.39113934822713
5.25 1.55750409379241
5.3125 1.71750502485136
5.375 1.87081567898839
5.4375 2.01699091063809
5.5 2.15546661975931
5.5625 2.28501393653124
5.625 2.40582664249604
5.6875 2.51747062910895
5.75 2.61927370054553
5.8125 2.71044540798742
5.875 2.7912719095901
5.9375 2.86146245755746
6 2.92021311384707
6.0625 2.96736033165988
6.125 3.00319053973455
6.1875 3.02757419688187
6.25 3.03959056223346
6.3125 3.03979302725425
6.375 3.02840542326151
6.4375 3.0054323481188
6.5 2.96999618550191
6.5625 2.92324303679538
6.625 2.86534234464154
6.6875 2.7962299906844
6.75 2.7157643017586
6.8125 2.62495464416111
6.875 2.52412824266179
6.9375 2.41320796222629
7 2.29270354700626
7.0625 2.16346676530862
7.125 2.02596253562402
7.1875 1.88018558166537
7.25 1.72711420997088
7.3125 1.56746116518164
7.375 1.40179184733033
7.4375 1.23030247308698
7.5 1.05415382227838
7.5625 0.873980531430198
7.625 0.690368200382818
7.6875 0.503958912552275
7.75 0.31565253480662
7.8125 0.126127068710613
7.875 -0.0639214223434616
7.9375 -0.253694761644371
8 -0.442486022952296
8.0625 -0.629615458862818
8.125 -0.814189952725175
8.1875 -0.995563718830805
8.25 -1.17313696308505
8.3125 -1.34626893804175
8.375 -1.51380326415868
8.4375 -1.67553491855834
8.5 -1.83088228416544
8.5625 -1.9791143418883
8.625 -2.1192777211785
8.6875 -2.25134234795652
8.75 -2.37483306755773
8.8125 -2.48887575947892
8.875 -2.59298185249177
8.9375 -2.68719325013975
9 -2.77117042536883
9.0625 -2.84387680832186
9.125 -2.90547435494026
9.1875 -2.95599222342189
9.25 -2.99524735825397
9.3125 -3.02206083350401
9.375 -3.03733322673853
9.4375 -3.04102504224982
9.5 -3.03287698191177
9.5625 -3.01236078782868
9.625 -2.98036243329413
9.6875 -2.93699759960754
9.75 -2.88194298667529
9.8125 -2.81538633463664
9.875 -2.73810116585645
9.9375 -2.650365414787




0 0
0.0625 -0.189959687333742
0.125 -0.379167455261996
0.1875 -0.566879745756618
0.25 -0.752397891838093
0.3125 -0.935058273968833
0.375 -1.11394896907072
0.4375 -1.28844564467886
0.5 -1.45801818380102
0.5625 -1.62205762634268
0.625 -1.77942133480677
0.6875 -1.92990265536681
0.75 -2.07302562584068
0.8125 -2.20817565972044
0.875 -2.33423699206103
0.9375 -2.45137871946767
1 -2.55917977736566
1.0625 -2.65690488847685
1.125 -2.74391721914057
1.1875 -2.82045864923222
1.25 -2.88625361923155
1.3125 -2.94042946085175
1.375 -2.983001609574
1.4375 -3.01419807934371
1.5 -3.0339057474152
1.5625 -3.04113708451909
1.625 -3.03663218525466
1.6875 -3.0205491887883
1.75 -2.992827757659
1.8125 -2.95277774791847
1.875 -2.90147651509366
1.9375 -2.83910961295117
2 -2.76555642832569
2.0625 -2.68085146375492
2.125 -2.58593470599385
2.1875 -2.48114793251644
2.25 -2.36637259565916
2.3125 -2.24226602412524
2.375 -2.10961751907287
2.4375 -1.9689041014607
2.5 -1.82009941324799
2.5625 -1.66428608386121
2.625 -1.50212802557799
2.6875 -1.33416360851406
2.75 -1.16069947657297
2.8125 -0.982838869529339
2.875 -0.801222464403056
2.9375 -0.616431428966242
3 -0.429164077753068
3.0625 -0.240281761675991
3.125 -0.0504645168601206
3.1875 0.13957243296203
3.25 0.329034072787497
3.3125 0.517229586289537
3.375 0.703481322078776
3.4375 0.886854751308368
3.5 1.06676642472372
3.5625 1.2426091228106
3.625 1.41370947472591
3.6875 1.57896718449728
3.75 1.73817695760672
3.8125 1.89076613965732
3.875 2.03595261148289
3.9375 2.17289227032777
4 2.30153145490002
4.0625 2.42140715549524
4.125 2.53158112974448
4.1875 2.63171613754533
4.25 2.72181070964778
4.3125 2.80153990192542
4.375 2.86979683823746
4.4375 2.92692194007039
4.5 2.972886591295
4.5625 3.00745595086667
4.625 3.02958595141121
4.6875 3.04016157932867
4.75 3.03914580584777
4.8125 3.02621394669101
4.875 3.00102420132546
4.9375 2.96439568189997
5 2.91646047695097
5.0625 2.8568379613091
5.125 2.78589297320616
5.1875 2.70433103231121
5.25 2.61244523487714
5.3125 2.50986850980329
5.375 2.39756822858528
5.4375 2.27612828880739
5.5 2.14594809264236
5.5625 2.00688207425828
5.625 1.86018914036824
5.6875 1.70639812514111
5.75 1.54590400869168
5.8125 1.37914982894398
5.875 1.20715809306184
5.9375 1.03054813090562
6 0.849798185704142
6.0625 0.665694178800598
6.125 0.479065222272608
6.1875 0.290583123596609
6.25 0.100904766734507
6.3125 -0.0891361503665728
6.375 -0.278833596865126
6.4375 -0.467499066206237
6.5 -0.654224345570521
6.5625 -0.838421839486826
6.625 -1.01942867069296
6.6875 -1.19647588671896
6.75 -1.3686521394417
6.8125 -1.53558835221597
6.875 -1.69668366894909
6.9375 -1.85101730911344
7 -1.99797291256136
7.0625 -2.13729987882863
7.125 -2.26849625531829
7.1875 -2.39044436713806
7.25 -2.50307131715979
7.3125 -2.60615209927655
7.375 -2.69929776579436
7.4375 -2.78123454097329
7.5 -2.85255267056426
7.5625 -2.9129965085607
7.625 -2.96207556738193
7.6875 -2.99910421992248
7.75 -3.02469358943063
7.8125 -3.03875192423532
7.875 -3.04068880108952
7.9375 -3.03051710814041
8 -3.00879179613334
8.0625 -2.97559063746616
8.125 -2.93026394297862
8.1875 -2.87352491391576
8.25 -2.8058312576055
8.3125 -2.72742351287809
8.375 -2.6376756359349
8.4375 -2.53788813133632
8.5 -2.42842133415463
8.5625 -2.30946963093779
8.625 -2.18111883189595
8.6875 -2.04446943022718
8.75 -1.90001369922153
8.8125 -1.7479727680188
8.875 -1.5889777132943
8.9375 -1.42393734082647
9 -1.25344564218595
9.0625 -1.07784374531813
9.125 -0.898061680986274
9.1875 -0.71486074982353
9.25 -0.528900200980619
9.3125 -0.340742075798198
9.375 -0.151317996968789
9.4375 0.0386874445107771
9.5 0.228571274278642
9.5625 0.417512919521537
9.625 0.604836834247555
9.6875 0.789868686713052
9.75 0.971778473108353
9.8125 1.14978926685075
9.875 1.3234011885284
9.9375 1.49198905286238




1 0
0.998047510700099 0.0624593178423802
0.992197667229329 0.124674733385228
0.982473313101255 0.18640329676227
0.968912421710645 0.247403959254523
0.951567948048172 0.307438514580381
0.930507621912314 0.366272529086048
0.905813683425936 0.423676257203938
0.877582561890373 0.479425538604203
0.845924499231068 0.53330267353602
0.810963119505218 0.585097272940462
0.772834946152472 0.634607080015269
0.731688868873821 0.681638760023334
0.687685562220505 0.726008655260713
0.640996858163325 0.767543502236027
0.591805075092478 0.806081108260693
0.54030230586814 0.841470984807897
0.486689667701963 0.873574935167071
0.431176516798666 0.902267594099095
0.373979630824533 0.927436917384868
0.315322362395269 0.948984619355586
0.255433766888812 0.96682655669618
0.194547707988987 0.980893057023156
0.132901944452825 0.991129190953762
0.0707372016677029 0.997494986604054
0.00829623162385838 0.999965585678249
-0.0541771350269363 0.998531340539832
-0.116438941124852 0.993197851885375
-0.178246055649492 0.983985946873937
-0.239357123141322 0.970931597797451
-0.299533506189574 0.954085781609694
-0.358540217306233 0.933514280862376
-0.416146836547142 0.909297426825682
-0.47212841129696 0.881529785796378
-0.526266334704305 0.850319789818452
-0.578349199336833 0.815789313258297
-0.628173622722739 0.778073196887921
-0.675545041554953 0.737318721334619
-0.720278471456692 0.693685031953272
-0.762199229341495 0.647342517367144
-0.801143615546934 0.598472144103956
-0.836959553078294 0.547264749925465
-0.869507181465984 0.493920298610089
-0.898659402917676 0.438647099098633
-0.924302378632464 0.381660992052332
-0.946335973338945 0.323184506999687
-0.964674146321316 0.263445993363421
-0.979245287406521 0.202678728760867
-0.989992496600445 0.141120008059867
-0.996873806281181 0.0790102167473897
-0.999862345081687 0.0165918922293479
-0.9989464428219 -0.0458912232727797
-0.994129676080546 -0.108195134530108
-0.98543085422867 -0.170076546102494
-0.972883945979446 -0.231293812402022
-0.956537946741083 -0.291607881313853
-0.936456687290796 -0.35078322768962
-0.912718584516998 -0.408588773068089
-0.88541633520302 -0.464798788031609
-0.85465655404816 -0.519193773674651
-0.820559357339561 -0.571561318742344
-0.783257893900684 -0.621696929091873
-0.742897825147999 -0.669404826237736
-0.699636756286272 -0.714498711862537
-0.653643620863612 -0.756802495307928
-0.605098021089583 -0.796150981204866
-0.554189526492417 -0.832390514557987
-0.501116933654064 -0.865379580765082
-0.446087489913793 -0.894989358228583
-0.389316084071769 -0.921104221401152
-0.331024407252887 -0.943622192300962
-0.271440087207671 -0.962455338733539
-0.21079579943078 -0.977530117665097
-0.149328358568183 -0.988787662406511
-0.0872777936610349 -0.996184012486479
-0.0248864108374021 -0.999690285316223
0.0376021528879766 -0.999292788975378
0.0999438810110212 -0.994993075678648
0.161895330417537 -0.986807935714441
0.223214582023364 -0.974769331879155
0.283662185463226 -0.958924274663138
0.343002094139282 -0.939334638675732
0.401002586978036 -0.916076921026244
0.457437173296176 -0.889241942604376
0.512085477241841 -0.858934493426592
0.564734098357607 -0.825272923433346
0.615177444904708 -0.788388680335097
0.663218536694376 -0.748425796311813
0.70866977429126 -0.705540325570392
0.751353671585211 -0.659899734956321
0.791103548870739 -0.611682249999232
0.827764183727699 -0.561076158946017
0.861192417161521 -0.508279077499258
0.891257712636015 -0.453497177132138
0.917842665815758 -0.396944379993247
0.940843463027505 -0.33884152354517
0.960170286650366 -0.279415498198926
0.975747665851692 -0.218898361311761
0.987514771299061 -0.157526431008143
0.995425652697519 -0.0955393633625346
0.999449418224499 -0.0331792165475568
0.999570355161729 0.0293104943979974
0.995787991253056 0.0916857484901778
0.9881170965486 0.153702971696597
0.976587625728023 0.215119988087816
0.961244601128148 0.275696965529161
0.942147936931692 0.335197352220086
0.919372205203671 0.39338880042388
0.893006344689077 0.450044073780618
0.863153313508984 0.504941934660274
0.829929687111292 0.55786800809094
0.793465203046089 0.608615618888497
0.753902254343305 0.656986598718789
0.711395333470967 0.702792059940728
0.666110429045427 0.745853133208487
0.618224377649359 0.786001665952473
0.567924173288695 0.823080879011506
0.515406237185028 0.856945978852092
0.46087565075495 0.887464722984075
0.404545354771504 0.914517936364727
0.346635317835026 0.937999976774739
0.287371677400467 0.957819147348831
0.226985856715469 0.973898054650046
0.165713661117541 0.986173910889464
0.103794357219253 0.994598779111176
0.0414697385772441 0.99913976038507
-0.0210168185064484 0.999779122276449
-0.0834213053636372 0.99651436809081
-0.145500033808614 0.989358246623382
-0.207010587735297 0.978338702375352
-0.267712769746941 0.963498766431188
-0.32736953912183 0.944896388423175
-0.385747937452222 0.92260421023934
-0.442619998341945 0.896709282358434
-0.497763637610298 0.867312723919674
-0.550963520526023 0.834529327854672
-0.602011902684824 0.79848711262349
-0.650709441246814 0.759326822305297
-0.696865973366046 0.717201376995746
-0.740301258772354 0.672275275657278
-0.780845683605749 0.624723953754192
-0.818340922754917 0.574733098180913
-0.852640558113384 0.52249792215864
-0.883610650339096 0.468222402931897
-0.911130261884677 0.412118485241757
-0.935091929255966 0.354405253686165
-0.955402082654664 0.295308077199271
-0.971981411366389 0.235057728990565
-0.984765173467324 0.173889485380434
-0.993703448640038 0.112042207051161
-0.998761333111264 0.0497574063010786
-0.999919075950381 -0.0127216960557909
-0.997172156196378 -0.0751511204618093
-0.990531300512111 -0.137287081350673
-0.98002244129691 -0.198886939124834
-0.965686615421119 -0.259710147657931
-0.947579803977993 -0.319519193622274
-0.925772713678729 -0.378080523973295
-0.90035050074427 -0.435165457969199
-0.871412438372083 -0.49055108016436




1 0
1.0302206102725 0.0644727589167011
1.05813694880098 0.13296034281678
1.0834008015042 0.205552128920224
1.10560689340785 0.282307788277981
1.12431165937313 0.363249631507742
1.13903343946155 0.448353832640045
1.14924787388522 0.53753773730344
1.15419680151821 0.630540586439139
1.15332117658356 0.727097119751005
1.14603980074178 0.826849884991512
1.1317019301088 0.929287761752302
1.10965430537637 1.03375002265033
1.07926457142407 1.13940943829045
1.03995123162681 1.24526009809884
0.991219588576528 1.35011242403526
0.932702491099842 1.45259806444376
0.864066160720705 1.55094013788246
0.785444267539621 1.6435981134446
0.697188676131684 1.72896720391326
0.599856280002654 1.80530926897216
0.494298782239523 1.8709397564488
0.381662356930983 1.92430926023496
0.263367264074373 1.96408701498265
0.141066552586374 1.98923869852024
0.0165854892056788 1.99909057259465
-0.108154073085234 1.99337287822524
-0.231218023926544 1.97223748741227
-0.350745385763223 1.93624778548009
-0.465027006252114 1.88634208279964
-0.572570836160761 1.82377491151062
-0.672149042573164 1.75004281200092
-0.762824676309434 1.66680232641568
-0.843958103895475 1.57578783387418
-0.91519551180721 1.47873577298071
-0.976443226603639 1.37732005193418
-1.027832279981 1.27310144683104
-1.06967765016128 1.16749188986975
-1.10243609981806 1.0617329983251
-1.12666571458519 0.956887112757833
-1.14298932075661 0.853838508110857
-1.15206307679653 0.753302246569182
-1.15455078525164 0.655838250410482
-1.15110390206279 0.561868474042122
-1.14222835751406 0.471646528405687
-1.12862995494655 0.385439976763768
-1.11091575571366 0.303383589083541
-1.08958875258244 0.225517003845301
-1.0651024104365 0.151826666627803
-1.03786191355177 0.0822588518495549
-1.00822658387786 0.0167306898842144
-0.976545732146599 -0.0448621430628685
-0.943141895720953 -0.102645929141584
-0.908253766138571 -0.156756471412032
-0.872088192594942 -0.207330590302838
-0.834824587709747 -0.254502636429797
-0.796776789369855 -0.298461143709617
-0.757987432852127 -0.339321627108069
-0.718552940111271 -0.377203946235855
-0.678567412346791 -0.412221697523098
-0.638227912128136 -0.444558195395943
-0.597630317798259 -0.474358364212655
-0.556718189080017 -0.501643469679364
-0.515541021918702 -0.526492344439503
-0.474248870610486 -0.549095435523071
-0.432909756303773 -0.569596189777296
-0.391419760632984 -0.587910958952257
-0.349809635886572 -0.604086782387767
-0.308226354519858 -0.618397317696971
-0.266629975180327 -0.630834444655024
-0.224965147718308 -0.641288380041072
-0.183257415327186 -0.649782718383886
-0.141624270668407 -0.656758770073036
-0.099956601098575 -0.661869285178217
-0.058270273927724 -0.665093752432033
-0.0165944784336864 -0.666602307115878
0.0250814524666859 -0.666549988817319
0.0667594809620522 -0.664625193870723
0.10841423739263 -0.660822208568704
0.150104491981744 -0.655500433864083
0.191792160069084 -0.648356275193985
0.233434191224754 -0.639275460457179
0.2750503741246 -0.628343327543123
0.316732492210165 -0.615716940163347
0.358328800597359 -0.601034359495995
0.399808904162897 -0.584259856298355
0.441312777848569 -0.565570147970792
0.482737752941114 -0.544757673625187
0.523962891023252 -0.521649098254632
0.564948821900958 -0.496183877094487
0.605921064830476 -0.468498922532321
0.646544941895175 -0.43824190477883
0.686758956387202 -0.405327777928369
0.726542434097662 -0.369685376360454
0.765938850961461 -0.331249715916635
0.804636004291798 -0.289786877740746
0.842524099001292 -0.245179729200233
0.879498348366728 -0.197305875249861
0.915460082478841 -0.146032407529061
0.950077024917408 -0.0911868745395518
0.983145326696487 -0.0326379615590051
1.01443132681293 0.0297462640505105
1.04361411544404 0.0960892701557849
1.07031678538292 0.166489246208496
1.0941891828858 0.241024929854848
1.11483089590651 0.319747434439536
1.13179265405628 0.40266914146978
1.14441859593291 0.489683564598403
1.15212190738484 0.580629286426739
1.1544177359795 0.675330692576381
1.15068300541034 0.773474242627355
1.14026645650752 0.874624334452138
1.12250368518086 0.978203572051471
1.09673791990896 1.08347449819108
1.06216872583137 1.1893251293073
1.01828846133086 1.29463744226564
0.964816878354676 1.3982893521203
0.901473832914835 1.49884561035962
0.828168351079702 1.59472559479154
0.745039566411352 1.68424142991191
0.652491656948802 1.76565147165695
0.551218114611124 1.83722790400221
0.442210802949224 1.89733513342787
0.326750140919676 1.94451357951643
0.206374425314094 1.97756175726954
0.0828286219273106 1.9956086607908
-0.0420044271577461 1.99816871914326
-0.166184992274678 1.98517311424095
-0.287802484682084 1.95697385193365
-0.405058649503233 1.91432021847903
-0.516340526106432 1.85831053345808
-0.620277334199819 1.79032482520632
-0.715777728265707 1.71194575933484
-0.802046407061427 1.62487565132246
-0.878581406003099 1.53085676584175
-0.945155189435601 1.43160063338675
-1.00178371973027 1.3287301900066
-1.04868800654054 1.22373655754915
-1.08625235950923 1.11795053536884
-1.11498287816359 1.01252755265282
-1.13546882105758 0.908443993671169
-1.14832110649481 0.806483128108151
-1.15406817481396 0.707212690777864
-1.15355714700501 0.611266171455345
-1.14743695074715 0.519003701045095
-1.1363228880107 0.43067295181904
-1.12078826274839 0.346427784519884
-1.10135963636951 0.266345726265442
-1.07851496284832 0.190443789969197
-1.05266676637395 0.118690448297589
-1.02422805930182 0.0510261360768646
-0.993602772098969 -0.0126413354548919
-0.96108752169724 -0.072431629451943
-0.926940996002079 -0.128473500897568
-0.891388393184754 -0.180899438238689
-0.854742923151276 -0.229873136104704
-0.817133026634149 -0.275533189559551
-0.778685232826836 -0.318010799505595
-0.739519798182493 -0.357431324120272
-0.699802082788374 -0.393945108534847




1 0
1.03020004747689 0.0644714720659517
1.05804952071458 0.132949357028642
1.08319987734756 0.205514007859124
1.10524333594109 0.282214956815944
1.12373638791679 0.363063769213433
1.13819925985442 0.448025477377585
1.14807231696958 0.536987894037367
1.15258141941665 0.629658099175004
1.15127729774552 0.725808581530746
1.14353779176355 0.825044724442501
1.12872353169906 0.926842074316272
1.10619520331624 1.03052753541652
1.0753374762337 1.13526349535538
1.03558927212984 1.24003699345133
0.986442414815959 1.34360556952971
0.92736326652267 1.44428271484361
0.858465215283603 1.54088682080631
0.779808506920554 1.63180488265263
0.691699239498918 1.71535387909755
0.594716699104458 1.78984134216458
0.48972754166374 1.85363743640104
0.377883003725059 1.90525408164638
0.260596651164965 1.94342489944586
0.139502166541366 1.96717863394008
0.0163930761415835 1.97589854384549
-0.106851279412795 1.96936126684084
-0.228347287789306 1.94775075696549
-0.346288804622469 1.91164576442763
-0.459021792657589 1.86198244998853
-0.565105656191989 1.79999652973301
-0.663356986179611 1.72715134876929
-0.752873773683852 1.64505920750335
-0.833040470323344 1.55540308482295
-0.903516198771685 1.45986481287803
-0.96420971109676 1.36006409095847
-1.0152452887383 1.25751085187267
-1.05692374670647 1.15357173472262
-1.08968220702639 1.04944999268309
-1.11405553574263 0.946177176822262
-1.13064147290335 0.844614390441566
-1.1399637446029 0.745390827214614
-1.14268859503419 0.649099977674776
-1.13956562016685 0.556236491707318
-1.13120923172529 0.467096534185924
-1.11819705235644 0.381877021771932
-1.10106364077417 0.300693043040752
-1.08029734579728 0.223593920283056
-1.05632625195958 0.150575655575446
-1.02954360704275 0.0815995595739353
-1.00039967056237 0.016600808703212
-0.969204366555881 -0.0445248834931773
-0.936228926008529 -0.10189356281953
-0.901710247122248 -0.155627118592525
-0.865976580124135 -0.205877613147507
-0.829160826996511 -0.252775995821881
-0.791408020818733 -0.296450080105032
-0.752847351302981 -0.337020611604208
-0.71370929548305 -0.374661277817233
-0.674110237834674 -0.409514016591019
-0.634038236209737 -0.441639873069102
-0.593562351082516 -0.471129488468766
-0.552881385492525 -0.49818623134611
-0.512043595602536 -0.522920624435827
-0.470977365000663 -0.545307616702692
-0.429724596265448 -0.565405350935614
-0.388505164573376 -0.583533247000281
-0.347211614674294 -0.599600255678111
-0.305822292218651 -0.613574025798526
-0.264401217848397 -0.625561305756039
-0.22306922281429 -0.635883833502602
-0.18169523572902 -0.644243639356236
-0.140308744775706 -0.650658239682224
-0.0989891736424755 -0.655463399906078
-0.0576948113099052 -0.65852545326213
-0.0164226303421041 -0.659699147442616
0.0248010912203338 -0.659099272561193
0.0659930817571834 -0.656995293027008
0.107131784154633 -0.653005213296672
0.148186083383876 -0.647122818699948
0.189234698706167 -0.639710738678749
0.230213712819868 -0.630455960604249
0.271067977561193 -0.619245676553877
0.3118442812243 -0.606214428153647
0.352593270880655 -0.591414004046189
0.393156583878501 -0.574538502789359
0.433498030645303 -0.555555056738554
0.473833889541623 -0.534709882910184
0.513911420238545 -0.511642014240083
0.553659713962359 -0.4862688668692
0.593144262089022 -0.458619882727929
0.632373333044185 -0.428636087063462
0.671097612074432 -0.396084392267903
0.709250506588959 -0.360886753693642
0.746941558726959 -0.323033854235295
0.783917232111693 -0.282325083502519
0.820002682067277 -0.238625857433678
0.855082977124568 -0.191828552635861
0.889142832262262 -0.141834331083974
0.921828262588542 -0.0884756034753937
0.952941794953678 -0.0316352799806058
0.982274709907173 0.0288033325851989
1.00955102744774 0.0929529602722954
1.03441367635928 0.160904468281511
1.05654371221727 0.232732490970282
1.07558434181783 0.308491032211606
1.09109992604655 0.388191484459887
1.10242961176374 0.471716960844411
1.10922367428873 0.559010072078059
1.11095360019491 0.649904311807263
1.10705211771478 0.744146123886736
1.09692057972087 0.841376527836931
1.07980895111726 0.940997332178801
1.054981079109 1.04222264457089
1.02207801412839 1.1444350005353
0.980572347584572 1.24668571258693
0.930017887224226 1.34785588660587
0.870086718112283 1.4466594708113
0.800609102018421 1.54165735112591
0.72161361725936 1.63128457248374
0.633364063850948 1.71389193949617
0.536388986413594 1.78780193741229
0.431499408910259 1.85137717830199
0.319790727184942 1.90309760805097
0.202625787834191 1.94164082321562
0.0815936753775334 1.96585481516348
-0.0415204626297234 1.97514631777975
-0.164849047862437 1.9692145075521
-0.286502131223932 1.94813182362842
-0.404646538258442 1.91237256746816
-0.517583732180505 1.86278483447824
-0.623816416354264 1.80053978275869
-0.72209872560656 1.72706386676556
-0.811467085743076 1.64396111978659
-0.891251226068789 1.55293289861332
-0.961066988126318 1.45570179829444
-1.02079417704146 1.35394498243906
-1.07054360381788 1.24924032340567
-1.11061768075203 1.1430268665633
-1.14146858875316 1.03657950201342
-1.16365732547304 0.930996508590031
-1.17781606280012 0.827197878094004
-1.18461535449883 0.725931994898783
-1.18473695134391 0.627788248124415
-1.17885236116547 0.533213383125092
-1.16760685069167 0.442529754752927
-1.15153796395447 0.355932301311797
-1.13122004095171 0.27356697433228
-1.10730023920631 0.195526683868461
-1.08024934677512 0.121800443727858
-1.05048747874428 0.0523343571293941
-1.01838662721014 -0.0129566536435318
-0.984275870085929 -0.0741792016762977
-0.948497795669622 -0.131461261211743
-0.911324165688212 -0.184945228013722
-0.872966735141023 -0.234774217705264
-0.833608390358314 -0.281088600206422
-0.79348348436264 -0.324054324673142
-0.752780071220291 -0.363840397902671
-0.711541273353378 -0.400553543712426
