---------- Fit of data from Higgs Boson Discovery using Newton's method with numerical gradient/Hessian matrix & back-tracking linesearch -----------
The data was fitted to the Breit-Wigner function and the fit was constructed by minimizing the deviation function (both are given in the exercise).
# of calls                       = 9990
Found mass                       = 125.972171907524 GeV/c^2
Exact mass (wikipedia)           = 125.3 +/- 0.6 GeV/c^2
Experimental width (Gamma)       = 2.0872727264976
Initial guess (m G A)            = (100 10 10)




101 0.0158170062259613
101.125 0.0159762684846949
101.25 0.0161379468964077
101.375 0.0163020905533702
101.5 0.0164687498002921
101.625 0.0166379762728377
101.75 0.0168098229375295
101.875 0.0169843441330968
102 0.0171615956133301
102.125 0.0173416345915045
102.25 0.0175245197864367
102.375 0.0177103114702464
102.5 0.0178990715178932
102.625 0.018090863458565
102.75 0.018285752528998
102.875 0.0184838057288107
103 0.0186850918779403
103.125 0.0188896816762722
103.25 0.0190976477655593
103.375 0.0193090647937328
103.5 0.0195240094817084
103.625 0.0197425606928015
103.75 0.0199647995048673
103.875 0.0201908092852883
104 0.0204206757689392
104.125 0.0206544871392635
104.25 0.0208923341126072
104.375 0.0211343100259561
104.5 0.0213805109282378
104.625 0.0216310356753527
104.75 0.0218859860291103
104.875 0.0221454667602539
105 0.0224095857557682
105.125 0.0226784541306758
105.25 0.0229521863445348
105.375 0.023230900322869
105.5 0.023514717583767
105.625 0.0238037633699046
105.75 0.0240981667862577
105.875 0.024398060943786
106 0.0247035831093871
106.125 0.0250148748624332
106.25 0.0253320822582236
106.375 0.0256553559987039
106.5 0.0259848516108236
106.625 0.026320729632923
106.75 0.026663155809567
106.875 0.0270123012952645
107 0.0273683428675392
107.125 0.0277314631498447
107.25 0.0281018508448479
107.375 0.0284797009786332
107.5 0.028865215156417
107.625 0.0292586018303938
107.75 0.0296600765803773
107.875 0.0300698624079381
108 0.0304881900447848
108.125 0.0309152982761792
108.25 0.031351434280232
108.375 0.0317968539839708
108.5 0.0322518224371374
108.625 0.0327166142047264
108.75 0.0331915137793474
108.875 0.0336768160145605
109 0.0341728265804119
109.125 0.034679862442477
109.25 0.0351982523658068
109.375 0.0357283374452643
109.5 0.0362704716638424
109.625 0.0368250224806579
109.75 0.0373923714504389
109.875 0.0379729148764428
110 0.0385670644988802
110.125 0.0391752482210666
110.25 0.0397979108756775
110.375 0.0404355150336569
110.5 0.0410885418585078
110.625 0.0417574920088942
110.75 0.0424428865926978
110.875 0.0431452681759021
111 0.04386520184993
111.125 0.04460327636133
111.25 0.0453601053080012
111.375 0.0461363284064659
111.5 0.0469326128350453
111.625 0.0477496546581683
111.75 0.0485881803374527
111.875 0.0494489483356415
112 0.0503327508199603
112.125 0.0512404154719867
112.25 0.052172807411698
112.375 0.0531308312439848
112.5 0.054115433236603
112.625 0.0551276036392797
112.75 0.0561683791545026
112.875 0.0572388455714117
113 0.0583401405751872
113.125 0.059473456745394
113.25 0.0606400447579131
113.375 0.0618412168063732
113.5 0.0630783502604073
113.625 0.0643528915796049
113.75 0.0656663605037403
113.875 0.0670203545417281
114 0.0684165537838306
114.125 0.0698567260639196
114.25 0.0713427325011172
114.375 0.0728765334529222
114.5 0.0744601949150109
114.625 0.0760958954063101
114.75 0.0777859333817233
114.875 0.0795327352190857
115 0.0813388638315841
115.125 0.0832070279620638
115.25 0.0851400922214106
115.375 0.0871410879396303
115.5 0.0892132249054236
115.625 0.0913599040780674
115.75 0.0935847313643813
115.875 0.0958915325635958
116 0.0982843695941938
116.125 0.100767558129432
116.25 0.103345686782448
116.375 0.106023637997853
116.5 0.108806610824704
116.625 0.111700145766108
116.75 0.114710151923671
116.875 0.117842936681001
117 0.121105238199984
117.125 0.124504261036976
117.25 0.128047715224112
117.375 0.131743859204258
117.5 0.135601547057497
117.625 0.139630280513528
117.75 0.143840266308876
117.875 0.148242479521878
118 0.152848733603367
118.125 0.15767175791876
118.25 0.162725283729929
118.375 0.168024139675286
118.5 0.173584357957016
118.625 0.17942329261878
118.75 0.185559751499759
118.875 0.192014143686637
119 0.198808644559967
119.125 0.205967380852649
119.25 0.213516638514489
119.375 0.221485096618431
119.5 0.229904091063734
119.625 0.238807912444059
119.75 0.248234143172761
119.875 0.258224039815904
120 0.268822967602881
120.125 0.280080895298381
120.25 0.292052960068513
120.375 0.304800113708143
120.5 0.318389863677521
120.625 0.332897124899769
120.75 0.348405201290524
120.875 0.365006919642844
121 0.382805942918057
121.125 0.401918295375159
121.25 0.422474138529283
121.375 0.444619844939812
121.5 0.46852042663395
121.625 0.494362386998843
121.75 0.522357079753786
121.875 0.552744676798117
122 0.585798869124517
122.125 0.621832452571953
122.25 0.661203984146489
122.375 0.704325736350426
122.5 0.751673228013912
122.625 0.803796672224017
122.75 0.861334756743911
122.875 0.925031261022844
123 0.995755116551413
123.125 1.07452463138199
123.25 1.16253671747398
123.375 1.26120206386664
123.5 1.37218725463911
123.625 1.49746477177403
123.75 1.63937152755302
123.875 1.80067582121474
124 1.98465102949018
124.125 2.1951512687102
124.25 2.43667862126045
124.375 2.71442155516489
124.5 3.03422723155894
124.625 3.40244285730174
124.75 3.82551913380876
124.875 4.30921064648735
125 4.85714236631088
125.125 5.46847419990273
125.25 6.13447869773192
125.375 6.83422417547017
125.5 7.53043695541591
125.625 8.16799073551
125.75 8.67855759979322
125.875 8.99389020052394
126 9.06541526323687
126.125 8.88140691049593
126.25 8.47149751161869
126.375 7.89554666701884
126.5 7.2240166320136
126.625 6.52046498699671
126.75 5.83219176789135
126.875 5.18877714894941
127 4.60515776927981
127.125 4.08605732766158
127.25 3.62997163259587
127.375 3.23209886438433
127.5 2.88624123029937
127.625 2.585923943362
127.75 2.32499070935916
127.875 2.09787776626888
128 1.89970389925927
128.125 1.72626262097633
128.25 1.57396752573336
128.375 1.43977951035124
128.5 1.32113111677219
128.625 1.21585547903314
128.75 1.12212302842705
128.875 1.03838680450336
129 0.963336067600794
129.125 0.895857396407167
129.25 0.835002283913394
129.375 0.779960248440768
129.5 0.730036559832812
129.625 0.684633794276697
129.75 0.643236548801605
129.875 0.605398756048458
130 0.570733136467385
130.125 0.538902407516227
130.25 0.509611938389883
130.375 0.482603595779429
130.5 0.457650572848382
130.625 0.434553031686539
130.75 0.413134420460831
130.875 0.393238351622777
131 0.374725947941669
131.125 0.357473579710554
131.25 0.341370929952705
131.375 0.326319335435445
131.5 0.312230360256789
131.625 0.299024566095795
131.75 0.286630449221269
131.875 0.274983519285833
132 0.264025498994784
132.125 0.253703627093557
132.25 0.243970049894631
132.375 0.234781288869668
132.5 0.226097773750871
132.625 0.217883432185959
132.75 0.210105328329923
132.875 0.202733343879418
133 0.195739895999575
133.125 0.189099687388543
133.25 0.182789484397183
133.375 0.17678791969059
133.5 0.171075316421277
133.625 0.165633531295012
133.75 0.160445814260862
133.875 0.155496682856644
134 0.150771809497596
134.125 0.146257920216364
134.25 0.141942703551831
134.375 0.137814728447601
134.5 0.13386337016194
134.625 0.130078743312947
134.75 0.126451641288513
134.875 0.12297348134241
135 0.119636254777802
135.125 0.116432481689083
135.25 0.113355169793751
135.375 0.11039777693921
135.5 0.107554176915983
135.625 0.104818628249657
135.75 0.102185745679861
135.875 0.0996504740661335
136 0.0972080644884536
136.125 0.0948540523347993
136.25 0.0925842371898452
136.375 0.0903946643581888
136.5 0.0882816078725618
136.625 0.0862415548526499
136.75 0.0842711910936197
136.875 0.0823673877754558
137 0.0805271891948994
137.125 0.0787478014313291
137.25 0.0770265818664507
137.375 0.0753610294852896
137.5 0.0737487758928168
137.625 0.0721875769866641
137.75 0.0706753052318828
137.875 0.0692099424886473
138 0.0677895733482493
138.125 0.0664123789367348
138.25 0.0650766311491462
138.375 0.0637806872805933
138.5 0.0625229850233186
138.625 0.0613020378015874
138.75 0.0601164304186407
138.875 0.0589648149921367
139 0.0578459071564822
139.125 0.056758482512258
139.25 0.0557013733045722
139.375 0.0546734653136615
139.5 0.0536736949424152
139.625 0.0527010464867225
139.75 0.0517545495756731
139.875 0.0508332767696605
140 0.0499363413053747
140.125 0.0490628949775276
140.25 0.0482121261479329
140.375 0.0473832578732816
140.5 0.0465755461436088
140.625 0.0457882782240464
140.75 0.0450207710930122
140.875 0.0442723699704876
141 0.0435424469305051
141.125 0.0428303995923908
141.25 0.0421356498857045
141.375 0.041457642884178
141.5 0.0407958457042891
141.625 0.0401497464644152
141.75 0.0395188533007929
141.875 0.0389026934367746
142 0.0383008123021112
142.125 0.0377127726992185
142.25 0.0371381540135854
142.375 0.0365765514656795
142.5 0.0360275754018776
142.625 0.0354908506221158
142.75 0.0349660157421046
142.875 0.0344527225880961
143 0.0339506356223199
143.125 0.0334594313973267
143.25 0.0329787980375927
143.375 0.0325084347468389
143.5 0.0320480513396223
143.625 0.0315973677958406
143.75 0.0311561138368827
143.875 0.0307240285222301
144 0.030300859865393
144.125 0.0298863644681276
144.25 0.0294803071719511
144.375 0.0290824607260236
144.5 0.028692605470528
144.625 0.028310529034726
144.75 0.027936026048919
144.875 0.0275688978695884
145 0.0272089523170304
145.125 0.0268560034248411
145.25 0.0265098712006457
145.375 0.0261703813974977
145.5 0.0258373652954101
145.625 0.025510659492507
145.75 0.0251901057053172
145.875 0.0248755505777536
146 0.0245668454983515
146.125 0.0242638464253591
146.25 0.0239664137192985
146.375 0.0236744119826348
146.5 0.0233877099062096
146.625 0.0231061801221174
146.75 0.0228296990627158
146.875 0.0225581468254799
147 0.0222914070434274
147.125 0.0220293667608507
147.25 0.0217719163141122
147.375 0.021518949217267
147.5 0.0212703620522913
147.625 0.0210260543637063
147.75 0.0207859285573968
147.875 0.0205498898034366
148 0.0203178459427384
148.125 0.0200897073973596
148.25 0.0198653870842984
148.375 0.0196448003326297
148.5 0.0194278648038305
148.625 0.0192145004151569
148.75 0.0190046292659403
148.875 0.0187981755666752
149 0.0185950655707801
149.125 0.0183952275089153
149.25 0.0181985915257499
149.375 0.0180050896190743
149.5 0.0178146555811588
149.625 0.0176272249422642
149.75 0.0174427349162152
149.875 0.0172611243479504
150 0.0170823336629678
150.125 0.0169063048185881
150.25 0.0167329812569601
150.375 0.0165623078597402
150.5 0.016394230904375
150.625 0.0162286980219251
150.75 0.0160656581563674
150.875 0.0159050615253162
151 0.0157468595821085
151.125 0.0155910049791986
151.25 0.0154374515328105
151.375 0.0152861541887997
151.5 0.015137068989677
151.625 0.0149901530427489
151.75 0.0148453644893325
151.875 0.014702662475003
152 0.0145620071208346
152.125 0.0144233594955975
152.25 0.0142866815888744
152.375 0.0141519362850616
152.5 0.0140190873382227
152.625 0.0138880993477625
152.75 0.0137589377348897
152.875 0.0136315687198417
153 0.0135059592998408
153.125 0.0133820772277571
153.25 0.013259890991451
153.375 0.0131393697937718
153.5 0.0130204835331874
153.625 0.0129032027850242
153.75 0.0127874987832933
153.875 0.0126733434030839
154 0.0125607091435029
154.125 0.0124495691111413
154.25 0.0123398970040496
154.375 0.012231667096204
154.5 0.0121248542224456
154.625 0.012019433763878
154.75 0.0119153816337051
154.875 0.0118126742634963
155 0.0117112885898628
155.125 0.0116112020415316
155.25 0.0115123925268038
155.375 0.011414838421384
155.5 0.0113185185565684
155.625 0.0112234122077794
155.75 0.0111294990834357
155.875 0.0110367593141456
156 0.0109451734422144
156.125 0.010854722411454
156.25 0.0107653875572856
156.375 0.0106771505971261
156.5 0.0105899936210479
156.625 0.0105038990827049
156.75 0.0104188497905141
156.875 0.0103348288990866
157 0.0102518199008985
157.125 0.0101698066181941
157.25 0.0100887731951159
157.375 0.0100087040900511
157.5 0.00992958406819075
157.625 0.00985139819429302
157.75 0.00977413182564472
157.875 0.00969777060521515
158 0.00962230045499596
158.125 0.00954770756952149
158.25 0.00947397840956377
158.375 0.00940109969599711
158.5 0.00932905840382695
158.625 0.00925784175637785
158.75 0.0091874372196361
158.875 0.00911783249674191
159 0.00904901552262694
