200 0.775 0.0295275295275443 0.0103981633974483
400 0.7975 0.0200931424869282 0.0121018366025517
600 0.753333333333333 0.017598400600728 0.032064830064115
800 0.77375 0.0147927743129881 0.0116481633974482
1000 0.791 0.0128576436410409 0.00560183660255176
1200 0.795833333333333 0.0116362450590418 0.010435169935885
1400 0.773571428571429 0.0111854073771329 0.0118267348260197
1600 0.78625 0.0102488090009279 0.000851836602551725
1800 0.776666666666667 0.00981652675496095 0.00873149673078166
2000 0.7805 0.00925526201682049 0.00489816339744831
2200 0.765454545454545 0.00903362114792997 0.0199436179429028
2400 0.774166666666667 0.00853504146857942 0.0112314967307816
2600 0.786923076923077 0.0080305940945332 0.00152491352562867
2800 0.7925 0.00766354426582673 0.0071018366025517
3000 0.782333333333333 0.00753409779798681 0.00306483006411495
3200 0.78625 0.00724700234364182 0.000851836602551725
3400 0.780882352941176 0.00709401371095684 0.00451581045627181
3600 0.78 0.00690410505906933 0.00539816339744825
3800 0.784736842105263 0.00666737798119996 0.000661321292185102
4000 0.78725 0.00647084688236401 0.00185183660255173
4200 0.785238095238095 0.00633657615648161 0.000160068159352988
4400 0.792727272727273 0.00611092062327862 0.00732910932982445
4600 0.791739130434783 0.00598709263428885 0.00634096703733433
4800 0.788958333333333 0.00588966399715818 0.00356016993588504
5000 0.783 0.00582942535761459 0.00239816339744825
5200 0.785961538461538 0.00568780744766162 0.00056337506409021
5400 0.778888888888889 0.00564736889989851 0.00650927450855943
5600 0.786785714285714 0.00547321324533066 0.00138755088826603
5800 0.789137931034483 0.00535626054639607 0.00373976763703443
6000 0.789833333333333 0.00525985802864312 0.00443516993588511
6200 0.787741935483871 0.00519311856340174 0.00234377208642267
6400 0.79046875 0.00508717605346764 0.00507058660255177
6600 0.790151515151515 0.00501228941604472 0.00475335175406688
6800 0.779558823529412 0.00502708640014641 0.00583933986803653
7000 0.789714285714286 0.0048706941812826 0.00431612231683742
7200 0.784861111111111 0.00484272288216131 0.000537052286337159
7400 0.780540540540541 0.00481126219761708 0.00485762285690772
7600 0.788026315789474 0.00468818281220176 0.00262815239202541
7800 0.788333333333333 0.00462523580672448 0.00293516993588505
8000 0.776875 0.00465483934168248 0.0085231633974483
8200 0.787560975609756 0.0045170231577991 0.00216281221230785
8400 0.783571428571429 0.00449321240605733 0.00182673482601969
8600 0.792906976744186 0.00436962963379955 0.00750881334673781
8800 0.776022727272727 0.00444424364703333 0.00937543612472103
9000 0.780222222222222 0.004364955213883 0.00517594117522602
9200 0.788695652173913 0.00425613138813058 0.00329748877646474
9400 0.783723404255319 0.00424641312816855 0.00167475914212911
9600 0.776979166666667 0.0042485603104738 0.00841899673078161
9800 0.787551020408163 0.00413193647666148 0.00215285701071499
10000 0.7855 0.0041047502969121 0.000101836602551697
