Testing the reg./tuned Jacobi eigenvalue algorithms on arb. NxN matrix with/without Lanczos tridiagonalization

Randomly generated real symmetric NxN matrix A (N=10):
     0.905      0.663       0.04      0.974        0.7      0.447      0.542      0.547      0.419      0.825 
     0.663      0.284      0.397      0.569      0.673      0.232      0.215      0.282      0.828      0.198 
      0.04      0.397       0.26      0.612      0.339      0.645      0.577     0.0289      0.144      0.435 
     0.974      0.569      0.612      0.471     0.0649      0.657       0.53      0.744       0.88      0.574 
       0.7      0.673      0.339     0.0649      0.526      0.578      0.771       0.32      0.742      0.312 
     0.447      0.232      0.645      0.657      0.578      0.508     0.0935      0.367      0.742      0.485 
     0.542      0.215      0.577       0.53      0.771     0.0935      0.672     0.0576      0.924     0.0962 
     0.547      0.282     0.0289      0.744       0.32      0.367     0.0576      0.195      0.954      0.809 
     0.419      0.828      0.144       0.88      0.742      0.742      0.924      0.954      0.892      0.294 
     0.825      0.198      0.435      0.574      0.312      0.485     0.0962      0.809      0.294      0.432 

Tridiagonal matrix T found by Lanczos iterations on A:
      3.52       2.49          0          0          0          0          0          0          0          0 
      2.49       1.26      0.793          0          0          0          0          0          0          0 
         0      0.793      0.327      0.638          0          0          0          0          0          0 
         0          0      0.638     0.0652      0.654          0          0          0          0          0 
         0          0          0      0.654     -0.267      0.554          0          0          0          0 
         0          0          0          0      0.554      0.261      0.266          0          0          0 
         0          0          0          0          0      0.266     -0.334      0.467          0          0 
         0          0          0          0          0          0      0.467     -0.638      0.121          0 
         0          0          0          0          0          0          0      0.121      0.596     0.0496 
         0          0          0          0          0          0          0          0     0.0496      0.355 

Eigenvalues found using reg. Jacobi algorithm WITHOUT tridiagonalization (i.e. eigenvalues of matrix A):
     -1.13     -0.995     -0.718     -0.117      0.127      0.346      0.618      0.682       1.16       5.17 

Eigenvalues found using reg. Jacobi algorithm WITH tridiagonalization (i.e. eigenvalues of matrix T):
     -1.13     -0.995     -0.718     -0.117      0.127      0.346      0.618      0.682       1.16       5.17 

Eigenvalues found using tuned Jacobi algorithm WITH tridiagonalization (i.e. eigenvalues of matrix T):
     -1.07     -0.985     -0.658     -0.122      0.143      0.346      0.581        0.6       1.14       5.17 
Comparison of largest eigenvalues found:
Reg. Jacobi on A: 5.17
Reg. Jacobi on T: 5.17
Tuned Jacobi on T: 5.17
Comparison of smallest eigenvalues found:
Reg. Jacobi on A: -1.13
Reg. Jacobi on T: -1.13
Tuned Jacobi on T: -1.07

================================================================================================================================
================================================================================================================================

Testing the convergence of the lowest eigenvalue found by reg. Jacobi on tridiagonal matrices for various values of the # of Lanczos iterations n:



1	3.21338424753635
2	0.860435363273108
3	0.26947450146736
4	0.0739204313990368
5	0.00471170844559443
6	0.00049159123451048
7	5.52088619005797E-05
8	1.24002123939038E-05
9	7.00416564747286E-08



1	5.14388162229474
2	1.03126196526074
3	0.466727729099356
4	0.16491011715981
5	0.0849688867917311
6	0.0366024518164469
7	0.0105018691882859
8	0.00314836704168364
9	0.00128574354400057
10	0.000428117427731078
11	8.40430386861435E-05
12	1.2195521213676E-05
13	1.49341489963373E-06
14	2.08234964937937E-07
15	5.03077075553193E-08
16	3.42478601034202E-08
17	1.52771640893334E-08
18	6.59752685816528E-09
19	2.59780519318298E-09
20	1.27192467669346E-09
21	5.40058664455501E-10
22	1.60195745557701E-10
23	3.35231842285566E-11
24	6.2861937877301E-12
25	1.16928688953521E-12
26	1.47659662275146E-13
27	1.90958360235527E-14
28	1.4432899320127E-15
29	-1.77635683940025E-15
30	-2.22044604925031E-16
31	1.66533453693773E-15
32	-1.33226762955019E-15
33	1.4432899320127E-15
34	1.55431223447522E-15
35	-1.55431223447522E-15
36	-2.22044604925031E-16
37	-2.22044604925031E-16
38	7.7715611723761E-16
39	0



1	6.55326348210533
2	0.94760837036149
3	0.573554155570716
4	0.420082100003201
5	0.281925584733829
6	0.170029927501065
7	0.0847227754604106
8	0.0481701560734425
9	0.0239126185677957
10	0.0125119958385681
11	0.0072195071369463
12	0.00287072335420957
13	0.00122387261260271
14	0.000450279700343947
15	0.000367969462208628
16	0.000172598630992282
17	6.93884183637916E-05
18	1.70158972457868E-05
19	5.26442027160012E-06
20	1.95422252724509E-06
21	7.23267156832463E-07
22	2.89202174541536E-07
23	5.91056035226245E-08
24	9.75802583180752E-09
25	2.70162958670994E-09
26	1.12518250272586E-09
27	4.5968218120862E-10
28	3.22407434083516E-10
29	9.00993724073373E-11
30	1.73484560050952E-11
31	4.21429557917463E-12
32	1.01474384450739E-12
33	2.18713935851156E-13
34	7.73825448163734E-14
35	2.05391259555654E-14
36	6.43929354282591E-15
37	-2.22044604925031E-16
38	-4.44089209850063E-16
39	1.11022302462516E-15
40	-4.44089209850063E-16
41	3.33066907387547E-16
42	1.66533453693773E-15
43	1.33226762955019E-15
44	3.99680288865056E-15
45	2.22044604925031E-15
46	1.33226762955019E-15
47	1.11022302462516E-15
48	1.66533453693773E-15
49	1.66533453693773E-15
50	1.88737914186277E-15
51	1.88737914186277E-15
52	5.44009282066327E-15
53	-4.44089209850063E-16
54	3.77475828372553E-15
55	-2.22044604925031E-16
56	3.77475828372553E-15
57	0
58	3.21964677141295E-15
59	-1.77635683940025E-15
60	-1.77635683940025E-15
61	2.99760216648792E-15
62	-8.88178419700125E-16
63	-4.44089209850063E-16
64	-1.55431223447522E-15
65	1.55431223447522E-15
66	-1.55431223447522E-15
67	-6.66133814775094E-16
68	1.11022302462516E-15
69	-8.88178419700125E-16



1	7.63439770033654
2	0.858967708495509
3	0.41489845702002
4	0.255217754030594
5	0.183582263232069
6	0.143023398405719
7	0.115632315845325
8	0.0960536089916699
9	0.0807540337785723
10	0.061617199091295
11	0.0387985378623091
12	0.0203728090088706
13	0.00978137148558356
14	0.00714249334287231
15	0.00451376330359132
16	0.002621992771068
17	0.00162736994774482
18	0.000980081605675642
19	0.000624896690984644
20	0.000369529868797569
21	0.000218717813309954
22	0.000130231885870691
23	7.63994167041204E-05
24	3.54108301434675E-05
25	1.34818874303333E-05
26	4.10335368949966E-06
27	2.66422315864379E-06
28	1.41806637310449E-06
29	4.20223666641739E-07
30	1.14958556673983E-07
31	4.13102632101925E-08
32	1.64921508671867E-08
33	6.54272136468848E-09
34	2.54504639585207E-09
35	7.5988770831259E-10
36	1.89266047279091E-10
37	5.63316060464558E-11
38	2.01209049421891E-11
39	6.4108718333955E-12
40	3.72890607280851E-12
41	1.23545618180287E-12
42	2.59015031645049E-13
43	7.33857419277228E-14
44	2.91988655476416E-14
45	7.54951656745106E-15
46	-2.22044604925031E-16
47	-1.99840144432528E-15
48	-8.88178419700125E-16
49	-3.5527136788005E-15
50	-1.99840144432528E-15
51	-5.55111512312578E-15
52	-1.99840144432528E-15
53	-5.10702591327572E-15
54	-3.33066907387547E-15
55	-4.21884749357559E-15
56	-3.77475828372553E-15
57	-6.66133814775094E-16
58	-5.99520433297585E-15
59	-5.32907051820075E-15
60	-4.21884749357559E-15
61	-2.66453525910038E-15
62	-3.99680288865056E-15
63	-3.33066907387547E-15
64	-5.55111512312578E-15
65	-3.99680288865056E-15
66	-5.55111512312578E-15
67	-1.33226762955019E-15
68	-8.88178419700125E-16
69	-2.66453525910038E-15
70	-3.33066907387547E-15
71	-5.10702591327572E-15
72	-3.33066907387547E-15
73	-4.66293670342566E-15
74	-4.21884749357559E-15
75	-2.66453525910038E-15
76	1.4432899320127E-15
77	-1.33226762955019E-15
78	-4.21884749357559E-15
79	2.1094237467878E-15
80	-3.77475828372553E-15
81	-3.33066907387547E-15
82	-3.10862446895044E-15
83	-3.33066907387547E-15
84	-1.33226762955019E-15
85	-5.55111512312578E-15
86	-2.66453525910038E-15
87	-3.33066907387547E-15
88	-8.88178419700125E-15
89	-3.33066907387547E-15
90	-2.66453525910038E-15
91	-1.99840144432528E-15
92	-3.33066907387547E-15
93	-5.10702591327572E-15
94	-8.21565038222616E-15
95	-9.76996261670138E-15
96	-5.32907051820075E-15
97	-4.44089209850063E-15
98	-6.43929354282591E-15
99	-4.44089209850063E-15



Testing the running time of reg. Jacobi on tridiag. matrices T for different values of n<N and comparing with the running time of reg. Jacobi on sym. matrix A from which T is constructed:



1 500  4  2  1
11 56  105  194  368
21 147  454  1155  2484
31 363  1401  3880  7855
41 788  3058  9743  23441
51 1543  6719  16842  44484
61 2563  12781  29707  71856
71 5106  17330  46094  112240
81 7289  28239  72610  189707
91 13946  36204  94422  234821
101 10682  46737  131089  343501



1 27
11 821
21 5048
31 17546
41 36377
51 77169
61 141085
71 213892
81 298399
91 418370
101 589450



Testing the convergence of the lowest eigenvalue found by tuned Jacobi on tridiag. matrices for various values of the # of Lanczos iterations n:






1	3.46787780509674
2	0.801082936833089
3	0.321731258915292
4	0.183530187646641
5	0.0577829912255468
6	0.0418619680887298
7	0.0421467506240958
8	0.0431449128615731
9	0.0428909274236109



1	5.51818608046872
2	0.978902894542253
3	0.506417720596722
4	0.262305007739739
5	0.106911703692212
6	0.0693704920430314
7	0.0428798734717925
8	0.0303634994041883
9	0.0268122585425163
10	0.0211610839832485
11	0.0211059892320357
12	0.0214417913647441
13	0.0229727612101922
14	0.0230784474874395
15	0.0231796179983361
16	0.0231795203861953
17	0.022970260241333
18	0.0229322245101828
19	0.0229371176823592
20	0.0229076707114488
21	0.0228998957657801
22	0.0228823098524193
23	0.0228822055171798
24	0.0228824933361074
25	0.0228824953654142
26	0.0228824854724214
27	0.0228824218993706
28	0.0228824857146129
29	0.0228824855497122
30	0.0228824855496971
31	0.0228824856428009
32	0.0228824848469904
33	0.0228824848600477
34	0.0228824847608164
35	0.0228824847621021
36	0.0228824847615281
37	0.0228824845436199
38	0.0228824845435193
39	0.0228824845436788



1	6.87353515846118
2	0.868322522324391
3	0.425098937624294
4	0.24570655420784
5	0.15492158523309
6	0.115357899559601
7	0.0924268901185744
8	0.0792608955047902
9	0.0714927848529985
10	0.0609557234375437
11	0.0585565295695635
12	0.0394880598178287
13	0.0377182848345439
14	0.0275350185094013
15	0.0275347869785108
16	0.0258654300580529
17	0.0258835093194082
18	0.024576340038807
19	0.0246240333510575
20	0.0245969886101056
21	0.0246006712403113
22	0.0246001593077634
23	0.0245500394632789
24	0.024550313004895
25	0.0245486356682229
26	0.0245486501509475
27	0.0245466336006244
28	0.0245470170740958
29	0.0245470170740961
30	0.0245470170954307
31	0.024546993811962
32	0.0245469946037112
33	0.0245469941385575
34	0.0245469952054794
35	0.0245469951921653
36	0.0245469951626857
37	0.0245469946875323
38	0.0245469947871249
39	0.0245469937942865
40	0.0245469947528021
41	0.0245469947528021
42	0.0245469947528021
43	0.0245469947528021
44	0.0245469947528021
45	0.0245469947528021
46	0.0245469947528021
47	0.0245469947528021
48	0.0245469947528021
49	0.0245469947528021
50	0.0245469947528021
51	0.0245469947528021
52	0.0245469947528021
53	0.0245469947528021
54	0.0245469947528021
55	0.0245469947528021
56	0.0245469947528021
57	0.0245469947528021
58	0.0245469947528021
59	0.0245469947528021
60	0.0245469947528021
61	0.0245469893774335
62	0.0245469893774335
63	0.0245469893774335
64	0.0245469893774335
65	0.0245469893774335
66	0.0245469893774335
67	0.0245469893774335
68	0.0245469893774335
69	0.0245469893774335



1	7.53804186015151
2	1.03099582129366
3	0.476743311337723
4	0.284260054621327
5	0.189000437865902
6	0.117162029502382
7	0.0858915822189228
8	0.0605511891878882
9	0.0513411166327667
10	0.0464114401377176
11	0.0404326047246683
12	0.0360246763855506
13	0.03447121001528
14	0.0344397943955327
15	0.0184607428755479
16	0.0184658844667895
17	0.0155868649077907
18	0.0157814579092893
19	0.015146633350641
20	0.0145171949482891
21	0.0143356046973735
22	0.0141061915381623
23	0.0137228797536142
24	0.013672719335676
25	0.013781195378022
26	0.0137715316952833
27	0.0137715338076637
28	0.0137711967599847
29	0.0137682692007551
30	0.0137693136727548
31	0.0137695822013003
32	0.0137695843320058
33	0.0137695837968316
34	0.0137695834067845
35	0.0137679493753822
36	0.0137679504939066
37	0.0137679505791771
38	0.0137679509409344
39	0.0137679509874848
40	0.0137679509874848
41	0.0137679509875067
42	0.0137679509874912
43	0.0137679509874941
44	0.0137679509865659
45	0.0137679509859611
46	0.0137679509860932
47	0.0137679509838715
48	0.013767950983401
49	0.013767950983152
50	0.013767950983157
51	0.0137679509831578
52	0.013767950983158
53	0.013767950983158
54	0.0137679509831574
55	0.0137679509831574
56	0.0137679509831605
57	0.0137679509831617
58	0.0137679509831569
59	0.0137679509831574
60	0.0137679509831584
61	0.0137679509831581
62	0.0137679509831581
63	0.013767950983158
64	0.0137679509831581
65	0.0137679509831581
66	0.013767950983158
67	0.0137679509831581
68	0.0137679509831581
69	0.0137679509831581
70	0.0137679509831581
71	0.0137679508981868
72	0.0137679501720347
73	0.0137679506982067
74	0.0137678700971711
75	0.0137678702095095
76	0.0137678648392987
77	0.0137678648392987
78	0.0137678648344344
79	0.0137678648345603
80	0.0137678519600329
81	0.0137678519718547
82	0.0137678520326557
83	0.0137678520335773
84	0.0137678520335087
85	0.0137678520335087
86	0.0137678520335087
87	0.0137678520335087
88	0.0137678520335087
89	0.0137678520335087
90	0.0137678520335087
91	0.0137678520335397
92	0.0137678520335397
93	0.0137678520335397
94	0.0137678520335397
95	0.0137678520335397
96	0.0137678520335397
97	0.0137678520335397
98	0.0137678520335397
99	0.013767852033292



Testing the running time of the Lanczos tuned Jacobi algorithm for different values of n<N and comparing with the running time of the regular Jacobi algorithm:



1 62  2  1  2
11 60  113  234  309
21 141  949  1116  3177
31 419  1173  2196  4283
41 806  2221  4214  10365
51 1663  5367  10569  14339
61 2189  9155  14586  30611
71 3901  10923  26982  45617
81 6626  16079  46437  73139
91 6321  24371  58383  103577
101 11015  35640  59616  118200



1 33
11 879
21 6414
31 17047
41 48526
51 73529
61 122867
71 196659
81 290195
91 423527
101 552510
