TASK A:

________________________________________________________________________________________________________
Test of QRGS.decomp

Random matrix A:
     0,249      0,111      0,467 
     0,772      0,658      0,433 
     0,354      0,944      0,101 
     0,642     0,0286      0,248 
      0,32       0,99      0,682 
     0,655      0,283      0,615 

Q-matrix:
     0,189    -0,0791      0,524 
     0,587     0,0324     -0,243 
     0,269      0,583     -0,513 
     0,489     -0,432     -0,208 
     0,244      0,648      0,506 
     0,498     -0,216      0,322 

R-matrix:
      1,31       1,06      0,964 
         0       1,13      0,238 
         0          0      0,579 

Q.transposed times Q:
         1   2,78e-16   1,94e-16 
  2,78e-16          1          0 
  1,94e-16          0          1 

Q.transposed times Q is approximately equal to identity: True

Q times R:
     0,249      0,111      0,467 
     0,772      0,658      0,433 
     0,354      0,944      0,101 
     0,642     0,0286      0,248 
      0,32       0,99      0,682 
     0,655      0,283      0,615 

QR is approximately equal to A: True

________________________________________________________________________________________________________
Test of QRGS.solve

Random square matrix:
     0,249      0,111      0,467      0,772      0,658      0,433      0,354      0,944 
     0,101      0,642     0,0286      0,248       0,32       0,99      0,682      0,655 
     0,283      0,615      0,704      0,702       0,95     0,0934      0,161      0,382 
     0,798      0,169      0,794      0,307      0,823      0,886      0,556      0,717 
     0,699     0,0136      0,992      0,806      0,859     0,0625      0,514      0,525 
     0,273      0,994      0,691      0,387      0,434      0,675      0,677      0,473 
     0,245      0,353      0,526      0,169      0,347      0,692      0,395      0,155 
      0,95      0,085      0,974      0,488      0,639     0,0469      0,121      0,215 

Solution to QRx=b:
 x =      0,746      0,155      0,231   0,000568     0,0518      0,105     -0,214    -0,0701 

A*x:     0,249      0,111      0,467      0,772      0,658      0,433      0,354      0,944 
b:     0,249      0,111      0,467      0,772      0,658      0,433      0,354      0,944 

Ax is approximately equal to b: True

________________________________________________________________________________________________________
Test of QRGS.det

Determinant of R:
 det(R) = 3,02356936060678

