TASK A:

________________________________________________________________________________________________________
Test of QRGS.decomp

Random matrix A:
     0,249      0,111      0,467 
     0,772      0,658      0,433 
     0,354      0,944      0,101 
     0,642     0,0286      0,248 
      0,32       0,99      0,682 
     0,655      0,283      0,615 

Q-matrix:
     0,189    -0,0791      0,524 
     0,587     0,0324     -0,243 
     0,269      0,583     -0,513 
     0,489     -0,432     -0,208 
     0,244      0,648      0,506 
     0,498     -0,216      0,322 

R-matrix:
      1,31       1,06      0,964 
         0       1,13      0,238 
         0          0      0,579 

Q.transposed times Q:
         1   2,78e-16   1,94e-16 
  2,78e-16          1          0 
  1,94e-16          0          1 

Q.transposed times Q is approximately equal to identity: True

Q times R:
     0,249      0,111      0,467 
     0,772      0,658      0,433 
     0,354      0,944      0,101 
     0,642     0,0286      0,248 
      0,32       0,99      0,682 
     0,655      0,283      0,615 

QR is approximately equal to A: True

________________________________________________________________________________________________________
Test of QRGS.solve

Random square matrix:
     0,249      0,111      0,467      0,772      0,658 
     0,433      0,354      0,944      0,101      0,642 
    0,0286      0,248       0,32       0,99      0,682 
     0,655      0,283      0,615      0,704      0,702 
      0,95     0,0934      0,161      0,382      0,798 

Random vector b:
     0,249      0,111      0,467      0,772      0,658 

Corresponding Q-matrix:
     0,198     0,0975      0,596      0,761      0,132 
     0,344      0,582      0,408     -0,535      0,298 
    0,0228      0,613     -0,636      0,362      0,298 
     0,521      0,234     -0,104     0,0569     -0,812 
     0,755     -0,471     -0,251   -0,00545      0,381 

Corresponding R-matrix:
      1,26      0,367      0,867      0,865       1,33 
         0      0,391      0,859      0,726      0,645 
         0          0      0,356     -0,298    -0,0532 
         0          0          0      0,929      0,439 
         0          0          0          0      0,215 

Solution to QRx=b:
 x =      0,986       1,62      -0,48      0,742     -0,798 

A*x:     0,249      0,111      0,467      0,772      0,658 
b:     0,249      0,111      0,467      0,772      0,658 

Ax is approximately equal to b: True

________________________________________________________________________________________________________
Test of QRGS.det

Determinant of R:
 3,02356936060678

