-1 0.35322690848236
-0.894736842105263 0.309802259625527
-0.789473684210526 0.124837110617201
-0.684210526315789 -0.179854467282462
-0.578947368421053 -0.521775260580296
-0.473684210526316 -0.778546959604401
-0.368421052631579 -0.834212341288874
-0.263157894736842 -0.632604991636986
-0.157894736842105 -0.211597087256371
-0.0526315789473685 0.301971142652196
0.0526315789473684 0.738545534638979
0.157894736842105 0.953842159707218
0.263157894736842 0.886951458303233
0.368421052631579 0.581374974294357
0.473684210526316 0.160599186123614
0.578947368421053 -0.227654398899546
0.684210526315789 -0.4705301385085
0.789473684210526 -0.526107340970266
0.894736842105263 -0.42454349264334
1 -0.240462049968584




-1 0.352932500195914
-0.984375 0.355007427703188
-0.96875 0.354354227598757
-0.953125 0.350831857534653
-0.9375 0.344317633468528
-0.921875 0.334709289675893
-0.90625 0.321926938084821
-0.890625 0.305914900118863
-0.875 0.286643384330214
-0.859375 0.264109983548198
-0.84375 0.238340966069993
-0.828125 0.209392336588817
-0.8125 0.177350644092345
-0.796875 0.142333515868197
-0.78125 0.104489899016236
-0.765625 0.0639999934753298
-0.75 0.0210748635061847
-0.734375 -0.024044282192972
-0.71875 -0.0710871480551007
-0.703125 -0.119755749473141
-0.6875 -0.169726149528299
-0.671875 -0.220650529171044
-0.65625 -0.272159581221156
-0.640625 -0.32386521431831
-0.625 -0.375363548727195
-0.609375 -0.426238181738846
-0.59375 -0.476063696371522
-0.578125 -0.524409383219659
-0.5625 -0.570843141687168
-0.546875 -0.614935523529516
-0.53125 -0.656263878673142
-0.515625 -0.694416560733338
-0.5 -0.72899714756125
-0.484375 -0.759628630560626
-0.46875 -0.785957525463282
-0.453125 -0.807657856770306
-0.4375 -0.824434968178066
-0.421875 -0.836029112030493
-0.40625 -0.842218772180258
-0.390625 -0.84282367660084
-0.375 -0.837707458659908
-0.359375 -0.82677992912364
-0.34375 -0.809998924684366
-0.328125 -0.787371703054197
-0.3125 -0.75895585940054
-0.296875 -0.724859744063013
-0.28125 -0.685242367025094
-0.265625 -0.640312780451096
-0.25 -0.59032893666688
-0.234375 -0.535596025183473
-0.21875 -0.476464298654744
-0.203125 -0.413326403939174
-0.1875 -0.346614240615748
-0.171875 -0.276795375298853
-0.15625 -0.204369045821886
-0.140625 -0.129861794731341
-0.125 -0.0538227764735739
-0.109375 0.0231812129087521
-0.09375 0.100570930892096
-0.078125 0.177760052493196
-0.0625 0.254160644747923
-0.046875 0.329188691386267
-0.03125 0.402269606389479
-0.015625 0.472843674845686
0 0.540371360043982
0.015625 0.604338417063092
0.03125 0.664260755206498
0.046875 0.719688994487325
0.0625 0.770212664937675
0.078125 0.815464001762262
0.09375 0.855121294218415
0.109375 0.888911751517989
0.125 0.916613854937052
0.140625 0.938059171604677
0.15625 0.953133612035307
0.171875 0.961778120277556
0.1875 0.963988792480457
0.203125 0.959816426628932
0.21875 0.949365513076381
0.234375 0.932792682207612
0.25 0.910304632007127
0.265625 0.882155564397289
0.28125 0.848644164865353
0.296875 0.81011016504217
0.3125 0.766930532461039
0.328125 0.719515335654708
0.34375 0.668303335993944
0.359375 0.613757360195373
0.375 0.556359509203669
0.390625 0.496606260169644
0.40625 0.435003518498948
0.421875 0.372061676445198
0.4375 0.308290733487046
0.453125 0.244195531792176
0.46875 0.180271157474175
0.484375 0.116998555141088
0.5 0.0548403994765116
0.515625 -0.00576273664880789
0.53125 -0.064395882692587
0.546875 -0.120672809733408
0.5625 -0.174238783937714
0.578125 -0.224772915021992
0.59375 -0.271990086045995
0.609375 -0.315642456399125
0.625 -0.355520535300511
0.640625 -0.391453828447927
0.65625 -0.423311065550661
0.671875 -0.451000021301159
0.6875 -0.474466946820828
0.703125 -0.493695632704931
0.71875 -0.508706128446535
0.734375 -0.519553146204022
0.75 -0.526324179564068
0.765625 -0.529137370124037
0.78125 -0.528139156364592
0.796875 -0.523501740404159
0.8125 -0.51542040882867
0.828125 -0.504110743887399
0.84375 -0.489805760960655
0.859375 -0.472753007365874
0.875 -0.453211656308939
0.890625 -0.431449628146517
0.90625 -0.407740769145049
0.921875 -0.382362115648916
0.9375 -0.355591269051845
0.953125 -0.327703904251017
0.96875 -0.298971431402126
0.984375 -0.269658827834592
1 -0.240022653977276
