-1 0.35322690848236
-0.894736842105263 0.309802259625527
-0.789473684210526 0.124837110617201
-0.684210526315789 -0.179854467282462
-0.578947368421053 -0.521775260580296
-0.473684210526316 -0.778546959604401
-0.368421052631579 -0.834212341288874
-0.263157894736842 -0.632604991636986
-0.157894736842105 -0.211597087256371
-0.0526315789473685 0.301971142652196
0.0526315789473684 0.738545534638979
0.157894736842105 0.953842159707218
0.263157894736842 0.886951458303233
0.368421052631579 0.581374974294357
0.473684210526316 0.160599186123614
0.578947368421053 -0.227654398899546
0.684210526315789 -0.4705301385085
0.789473684210526 -0.526107340970266
0.894736842105263 -0.42454349264334
1 -0.240462049968584




-1 0.352932500195914
-0.984375 0.355007427703188
-0.96875 0.354354227598757
-0.953125 0.350831857534653
-0.9375 0.344317633468528
-0.921875 0.334709289675893
-0.90625 0.321926938084821
-0.890625 0.305914900118863
-0.875 0.286643384330214
-0.859375 0.264109983548198
-0.84375 0.238340966069993
-0.828125 0.209392336588817
-0.8125 0.177350644092345
-0.796875 0.142333515868197
-0.78125 0.104489899016236
-0.765625 0.0639999934753298
-0.75 0.0210748635061847
-0.734375 -0.024044282192972
-0.71875 -0.0710871480551007
-0.703125 -0.119755749473141
-0.6875 -0.169726149528299
-0.671875 -0.220650529171044
-0.65625 -0.272159581221156
-0.640625 -0.32386521431831
-0.625 -0.375363548727195
-0.609375 -0.426238181738846
-0.59375 -0.476063696371522
-0.578125 -0.524409383219659
-0.5625 -0.570843141687168
-0.546875 -0.614935523529516
-0.53125 -0.656263878673142
-0.515625 -0.694416560733338
-0.5 -0.72899714756125
-0.484375 -0.759628630560626
-0.46875 -0.785957525463282
-0.453125 -0.807657856770306
-0.4375 -0.824434968178066
-0.421875 -0.836029112030493
-0.40625 -0.842218772180258
-0.390625 -0.84282367660084
-0.375 -0.837707458659908
-0.359375 -0.82677992912364
-0.34375 -0.809998924684366
-0.328125 -0.787371703054197
-0.3125 -0.75895585940054
-0.296875 -0.724859744063013
-0.28125 -0.685242367025094
-0.265625 -0.640312780451096
-0.25 -0.59032893666688
-0.234375 -0.535596025183473
-0.21875 -0.476464298654744
-0.203125 -0.413326403939174
-0.1875 -0.346614240615748
-0.171875 -0.276795375298853
-0.15625 -0.204369045821886
-0.140625 -0.129861794731341
-0.125 -0.0538227764735739
-0.109375 0.0231812129087521
-0.09375 0.100570930892096
-0.078125 0.177760052493196
-0.0625 0.254160644747923
-0.046875 0.329188691386267
-0.03125 0.402269606389479
-0.015625 0.472843674845686
0 0.540371360043982
0.015625 0.604338417063092
0.03125 0.664260755206498
0.046875 0.719688994487325
0.0625 0.770212664937675
0.078125 0.815464001762262
0.09375 0.855121294218415
0.109375 0.888911751517989
0.125 0.916613854937052
0.140625 0.938059171604677
0.15625 0.953133612035307
0.171875 0.961778120277556
0.1875 0.963988792480457
0.203125 0.959816426628932
0.21875 0.949365513076381
0.234375 0.932792682207612
0.25 0.910304632007127
0.265625 0.882155564397289
0.28125 0.848644164865353
0.296875 0.81011016504217
0.3125 0.766930532461039
0.328125 0.719515335654708
0.34375 0.668303335993944
0.359375 0.613757360195373
0.375 0.556359509203669
0.390625 0.496606260169644
0.40625 0.435003518498948
0.421875 0.372061676445198
0.4375 0.308290733487046
0.453125 0.244195531792176
0.46875 0.180271157474175
0.484375 0.116998555141088
0.5 0.0548403994765116
0.515625 -0.00576273664880789
0.53125 -0.064395882692587
0.546875 -0.120672809733408
0.5625 -0.174238783937714
0.578125 -0.224772915021992
0.59375 -0.271990086045995
0.609375 -0.315642456399125
0.625 -0.355520535300511
0.640625 -0.391453828447927
0.65625 -0.423311065550661
0.671875 -0.451000021301159
0.6875 -0.474466946820828
0.703125 -0.493695632704931
0.71875 -0.508706128446535
0.734375 -0.519553146204022
0.75 -0.526324179564068
0.765625 -0.529137370124037
0.78125 -0.528139156364592
0.796875 -0.523501740404159
0.8125 -0.51542040882867
0.828125 -0.504110743887399
0.84375 -0.489805760960655
0.859375 -0.472753007365874
0.875 -0.453211656308939
0.890625 -0.431449628146517
0.90625 -0.407740769145049
0.921875 -0.382362115648916
0.9375 -0.355591269051845
0.953125 -0.327703904251017
0.96875 -0.298971431402126
0.984375 -0.269658827834592
1 -0.240022653977276




-1 0.192497730304416
-0.894736842105263 -1.07115917837354
-0.789473684210526 -2.41015872814381
-0.684210526315789 -3.24500341739284
-0.578947368421053 -3.04994759624521
-0.473684210526316 -1.63601537982857
-0.368421052631579 0.673235457477265
-0.263157894736842 3.09659282421832
-0.157894736842105 4.69392522772563
-0.0526315789473685 4.78386119668431
0.0526315789473684 3.27272715838683
0.157894736842105 0.717932372974747
0.263157894736842 -1.91575361719497
0.368421052631579 -3.68515413746877
0.473684210526316 -4.06568520064882
0.578947368421053 -3.12645110528739
0.684210526315789 -1.42179991989102
0.789473684210526 0.31325897483655
0.894736842105263 1.49175716397861
1 1.87298449519234




-1 0.216819899045582
-0.984375 0.0470907815184051
-0.96875 -0.132207290035117
-0.953125 -0.319967048350849
-0.9375 -0.514946652952782
-0.921875 -0.715775552322025
-0.90625 -0.920961330664132
-0.890625 -1.12889909685192
-0.875 -1.33788221172415
-0.859375 -1.54611423273821
-0.84375 -1.751723620769
-0.828125 -1.95277849260437
-0.8125 -2.14730387376817
-0.796875 -2.3332998482163
-0.78125 -2.50876064957175
-0.765625 -2.67169526520029
-0.75 -2.82014753136915
-0.734375 -2.95221858745563
-0.71875 -3.06608793058297
-0.703125 -3.16003551222629
-0.6875 -3.23246309934915
-0.671875 -3.28191536960358
-0.65625 -3.30710048721171
-0.640625 -3.30690900455862
-0.625 -3.28043237199853
-0.609375 -3.22697883384156
-0.59375 -3.14608854125773
-0.578125 -3.03754590731865
-0.5625 -2.90138995057603
-0.546875 -2.73792209330684
-0.53125 -2.54771179792275
-0.515625 -2.33159834792469
-0.5 -2.090690779692
-0.484375 -1.82636420187111
-0.46875 -1.54025303178037
-0.453125 -1.23424229404206
-0.4375 -0.910453581123538
-0.421875 -0.57123055857795
-0.40625 -0.219119922435931
-0.390625 0.14314940246812
-0.375 0.512690620422557
-0.359375 0.88648440716523
-0.34375 1.26140787734526
-0.328125 1.63426285682828
-0.3125 2.00180936190692
-0.296875 2.36079673705539
-0.28125 2.70799642960689
-0.265625 3.04023734249134
-0.25 3.35443715802563
-0.234375 3.64763677476896
-0.21875 3.91703250842083
-0.203125 4.16000707084189
-0.1875 4.37415839928325
-0.171875 4.55732662024786
-0.15625 4.70762186871139
-0.140625 4.82344286193466
-0.125 4.90349980984403
-0.109375 4.94682643642274
-0.09375 4.95279695894913
-0.078125 4.92113308232325
-0.0625 4.85190755235791
-0.046875 4.74554728823407
-0.03125 4.60283259068035
-0.015625 4.42488496465688
0 NaN
0.015625 3.96944929987954
0.03125 3.69581371507895
0.046875 3.39461917081714
0.0625 3.06848413897398
0.078125 2.72025304237438
0.09375 2.35296851369429
0.109375 1.96984477399389
0.125 1.57422642426072
0.140625 1.16955669555819
0.15625 0.75934152146273
0.171875 0.347114285774494
0.1875 -0.0636050724354468
0.203125 -0.469341418595655
0.21875 -0.866702444608355
0.234375 -1.25241240561255
0.25 -1.62334343861203
0.265625 -1.97654758303036
0.28125 -2.30928377156199
0.296875 -2.61904288429885
0.3125 -2.9035713293829
0.328125 -3.16088884416987
0.34375 -3.38930516611261
0.359375 -3.58743200509517
0.375 -3.75419189612455
0.390625 -3.8888225402405
0.40625 -3.99087896869805
0.421875 -4.06023163618698
0.4375 -4.09705910098644
0.453125 -4.10184100329877
0.46875 -4.07534430657955
0.484375 -4.01860938803912
0.5 -3.93293128470362
0.515625 -3.81984035081837
0.53125 -3.68107955518585
0.546875 -3.51858069180007
0.5625 -3.33443903074363
0.578125 -3.13088689754298
0.59375 -2.91026620026409
0.609375 -2.67500178277267
0.625 -2.42757328497956
0.640625 -2.17048812885507
0.65625 -1.90625496992954
0.671875 -1.63735887664553
0.6875 -1.36623590712086
0.703125 -1.09525123322177
0.71875 -0.826677542605077
0.734375 -0.562676038446413
0.75 -0.305278736363287
0.765625 -0.0563741713776997
0.78125 0.182306020192288
0.796875 0.409197384351517
0.8125 0.622910643121624
0.828125 0.822238017785497
0.84375 1.00615633165765
0.859375 1.1738287121913
0.875 1.32460353936245
0.890625 1.45801223059506
0.90625 1.57376395604592
0.921875 1.67174003402161
0.9375 1.75198543656776
0.953125 1.81469996672572
0.96875 1.86022804644613
0.984375 1.88904672872878
1 1.90175410715713




-1 -10.1800432417355
-0.894736842105263 -13.1903371056945
-0.789473684210526 -11.2928578028401
-0.684210526315789 -3.6882001770056
-0.578947368421053 7.72445013998895
-0.473684210526316 18.6197005827512
-0.368421052631579 23.9687938305074
-0.263157894736842 20.5151430079013
-0.157894736842105 8.69880680484908
-0.0526315789473685 -7.14943811926192
0.0526315789473684 -20.6379079565155
0.157894736842105 -26.3022892782658
0.263157894736842 -22.176799543983
0.368421052631579 -10.5820204107352
0.473684210526316 3.22308663100519
0.578947368421053 13.692092186043
0.684210526315789 17.4766591538128
0.789473684210526 14.5272842880797
0.894736842105263 7.48323391808857
1 -0.0376144317432506




-1 -10.5403136778447
-0.984375 -11.18466381152
-0.96875 -11.7624914542707
-0.953125 -12.2650511018407
-0.9375 -12.6839022131126
-0.921875 -13.011016008495
-0.90625 -13.238887505781
-0.890625 -13.3606433253887
-0.875 -13.3701503015568
-0.859375 -13.2621195254694
-0.84375 -13.0322059373901
-0.828125 -12.6771016177352
-0.8125 -12.1946214321482
-0.796875 -11.5837786754308
-0.78125 -10.8448515692158
-0.765625 -9.97943545121131
-0.75 -8.99048444888136
-0.734375 -7.88233577878325
-0.71875 -6.66072142310715
-0.703125 -5.33276220959729
-0.6875 -3.90694523051694
-0.671875 -2.39308455617239
-0.65625 -0.802264315646157
-0.640625 0.853235863562447
-0.625 2.56003096778429
-0.609375 4.30374009356742
-0.59375 6.06910867158423
-0.578125 7.84014741397754
-0.5625 9.60028379363283
-0.546875 11.3325266310998
-0.53125 13.0196407353211
-0.515625 14.6443293259658
-0.5 16.1894238896549
-0.484375 17.6380783520326
-0.46875 18.9739643017387
-0.453125 20.181467130546
-0.4375 21.2458778869043
-0.421875 22.1535795544434
-0.40625 22.8922280902217
-0.390625 23.4509196468949
-0.375 23.8203437820242
-0.359375 23.9929269907497
-0.34375 23.9629545475404
-0.328125 23.7266710144719
-0.3125 23.2823696719333
-0.296875 22.6304415435948
-0.28125 21.7734195333634
-0.265625 20.7159857427822
-0.25 19.464957657271
-0.234375 18.0292469395288
-0.21875 16.4197923604963
-0.203125 14.6494686168733
-0.1875 12.732971132892
-0.171875 10.6866816234212
-0.15625 8.52849046599096
-0.140625 6.27763488166748
-0.125 3.95447716942813
-0.109375 1.58032368352398
-0.09375 -0.822858682473773
-0.078125 -3.23262255026974
-0.0625 -5.62632353691848
-0.046875 -7.98137235245945
-0.03125 -10.275525510364
-0.015625 -12.4867162446029
0 NaN
0.015625 -16.5788710654198
0.03125 -18.4214776659416
0.046875 -20.104301879285
0.0625 -21.6119129576091
0.078125 -22.9306804710479
0.09375 -24.0488274607226
0.109375 -24.956721563015
0.125 -25.6469365896623
0.140625 -26.1143078948467
0.15625 -26.3560095667615
0.171875 -26.3715597948858
0.1875 -26.1628103129162
0.203125 -25.73390053369
0.21875 -25.0912086716083
0.234375 -24.2432400334316
0.25 -23.2005125191001
0.265625 -21.9754179611289
0.28125 -20.5820610443414
0.296875 -19.0360735577604
0.3125 -17.3544189448014
0.328125 -15.5551805166094
0.34375 -13.6573388706956
0.359375 -11.6805490785239
0.375 -9.64489837783286
0.390625 -7.5706830269237
0.40625 -5.47816779264307
0.421875 -3.38736346083039
0.4375 -1.31780918548914
0.453125 0.711639014784643
0.46875 2.68299917865015
0.484375 4.57934664802292
0.5 6.38497186369113
0.515625 8.08552855940106
0.53125 9.66814979453387
0.546875 11.1215533988072
0.5625 12.4361197021139
0.578125 13.6039456177503
0.59375 14.6188797122322
0.609375 15.476532468112
0.625 16.1742650998712
0.640625 16.7111573773964
0.65625 17.0879568786082
0.671875 17.3070083833741
0.6875 17.3721676691561
0.703125 17.288697735979
0.71875 17.0631572795612
0.734375 16.703271340004
0.75 16.2177990487077
0.765625 15.616391090986
0.78125 14.9094439384289
0.796875 14.1079507897911
0.8125 13.2233536095556
0.828125 12.2673946818823
0.84375 11.2519741461986
0.859375 10.1890101160443
0.875 9.0903073082408
0.890625 7.96743335144189
0.90625 6.83160415185363
0.921875 5.69357996699683
0.9375 4.56357241821466
0.953125 3.45116352976214
0.96875 2.36523624593904
0.984375 1.31391815711525
1 0.304537252169891




-1 1.96751580389187
-0.984375 1.99302948564276
-0.96875 2.01591462970933
-0.953125 2.03577908639873
-0.9375 2.0522086321217
-0.921875 2.06476938757596
-0.90625 2.07301064551392
-0.890625 2.07646810133161
-0.875 2.0746674741583
-0.859375 2.06712850041645
-0.84375 2.05336927603545
-0.828125 2.03291091771555
-0.8125 2.00528250793538
-0.796875 1.97002628286181
-0.78125 1.92670301704097
-0.765625 1.87489755381268
-0.75 1.81422442588257
-0.734375 1.74433350649046
-0.71875 1.66491562821169
-0.703125 1.57570810369251
-0.6875 1.4765000806221
-0.671875 1.36713766204043
-0.65625 1.24752872272592
-0.640625 1.11764735293918
-0.625 0.977537862249611
-0.609375 0.827318278556879
-0.59375 0.667183280744171
-0.578125 0.497406507655284
-0.5625 0.318342191250152
-0.546875 0.130426067826667
-0.53125 -0.0658244719503728
-0.515625 -0.269811025863959
-0.5 -0.480855639167557
-0.484375 -0.698203094305662
-0.46875 -0.921024036460765
-0.453125 -1.14841893031862
-0.4375 -1.37942283345221
-0.421875 -1.61301096160629
-0.40625 -1.84810501105254
-0.390625 -2.08358019321733
-0.375 -2.31827292709986
-0.359375 -2.55098912573629
-0.34375 -2.78051300426413
-0.328125 -3.00561632913143
-0.3125 -3.22506802080595
-0.296875 -3.43764401608617
-0.28125 -3.64213729090877
-0.265625 -3.83736794047874
-0.25 -4.0221932107021
-0.234375 -4.19551737334126
-0.21875 -4.3563013370882
-0.203125 -4.50357188789212
-0.1875 -4.63643045439576
-0.171875 -4.75406129822141
-0.15625 -4.85573903407423
-0.140625 -4.94083539114985
-0.125 -5.0088251350759
-0.109375 -5.05929107849818
-0.09375 -5.09192811833468
-0.078125 -5.10654624854494
-0.0625 -5.10307250885937
-0.046875 -5.08155184213508
-0.03125 -5.04214684568803
-0.015625 -4.98513641492671
0 -4.91091329070319
0.015625 -4.81998949133649
0.03125 -4.71296775997048
0.046875 -4.59055693425662
0.0625 -4.45355956771448
0.078125 -4.3028646137797
0.09375 -4.13943934116751
0.109375 -3.96432057183578
0.125 -3.77860534061455
0.140625 -3.5834410820429
0.15625 -3.3800154550287
0.171875 -3.16954591955004
0.1875 -2.95326918170171
0.203125 -2.73243062392988
0.21875 -2.50827383629247
0.234375 -2.28203036205184
0.25 -2.05490976689783
0.265625 -1.82809013567879
0.28125 -1.60270909377675
0.296875 -1.37985544230869
0.3125 -1.16056148729669
0.328125 -0.945796132968684
0.34375 -0.736458798584529
0.359375 -0.533374206797443
0.375 -0.337288079731772
0.390625 -0.148863766866225
0.40625 0.0313201833632991
0.421875 0.202771508403923
0.4375 0.365084784835367
0.453125 0.517941073357179
0.46875 0.661106689603807
0.484375 0.794431144894114
0.5 0.917844310161729
0.515625 1.03135286446199
0.53125 1.13503609651443
0.546875 1.22904113364113
0.5625 1.31357767714501
0.578125 1.38891232660454
0.59375 1.45536257772888
0.609375 1.51329057932747
0.625 1.56309673462909
0.640625 1.60521323068303
0.65625 1.64009757695491
0.671875 1.66822623057091
0.6875 1.69008838106303
0.703125 1.70617996202892
0.71875 1.71699795096115
0.734375 1.7230350117445
0.75 1.72477452709538
0.765625 1.72268606065527
0.78125 1.71722128068148
0.796875 1.70881036943176
0.8125 1.69785893453967
0.828125 1.68474543104137
0.84375 1.6698190953537
0.859375 1.65339838551502
0.875 1.63576991547633
0.890625 1.61718786524412
0.90625 1.59787384329478
0.921875 1.57801717295158
0.9375 1.55777557037737
0.953125 1.53727617851157
0.96875 1.51661691867957
0.984375 1.49586811972337
1 1.47507438332972
