0 0
1 0.841470984807897
2 0.909297426825682
3 0.141120008059867
4 -0.756802495307928
5 -0.958924274663138
6 -0.279415498198926
7 0.656986598718789
8 0.989358246623382
9 0.412118485241757



0 0 0
0.25 0.210367746201974 0.0262959682752468
0.5 0.420735492403948 0.105183873100987
0.75 0.631103238605922 0.236663714477221
1 0.841470984807897 0.420735492403948
1.25 0.858427595312343 1.10482813883627
1.5 0.875384205816789 1.33851122448185
1.75 0.892340816321235 1.57643346275355
2 0.909297426825682 1.81859485365136
2.25 0.717253072134228 0.101470119106816
2.5 0.525208717442774 -0.127310866578966
2.75 0.333164362751321 -0.404102940937611
3 0.141120008059867 -0.72890610396912
3.25 -0.0833606177820816 -4.2835131947166
3.5 -0.307841243624031 -5.00585530491821
3.75 -0.532321869465979 -5.78431757158031
4 -0.756802495307928 -6.6188999947029
4.25 -0.807332940146731 -5.04182292486044
4.5 -0.857863384985533 -5.45209424485718
4.75 -0.908393829824336 -5.87499817606362
5 -0.958924274663138 -6.31053471847977
5.25 -0.789047080547085 4.33012788366595
5.5 -0.619169886431032 5.00348673337395
5.75 -0.449292692314979 5.71931488161097
6 -0.279415498198926 6.477612328377
6.25 -0.0453149739694971 16.5427565916808
6.5 0.188785550259932 17.9652935590937
6.75 0.42288607448936 19.4463556575639
7 0.656986598718789 20.9859428870915
7.25 0.740079510694937 13.4982952122038
7.5 0.823172422671085 14.2753520877076
7.75 0.906265334647234 15.0731821912054
8 0.989358246623382 15.8917855226973
8.25 0.845048306277975 -11.4819850948755
8.5 0.700738365932569 -12.4432412836125
8.75 0.556428425587163 -13.4405749574357
9 0.412118485241757 -14.4739861163454






0 0 0 0.841470984807897
0.125 0.105183873100987 0 0.841470984807897
0.25 0.210367746201974 0 0.841470984807897
0.375 0.315551619302961 0 0.841470984807897
0.5 0.420735492403948 0 0.841470984807897
0.625 0.525919365504935 0 0.841470984807897
0.75 0.631103238605922 0 0.841470984807897
0.875 0.736287111706909 0 0.841470984807897
1 0.841470984807897 0 0.841470984807897
1.125 0.941985179023483 0.946654857908884 0.698929680623708
1.25 1.01620340496382 1.05183873100987 0.488561934421733
1.375 1.06412566262892 1.15702260411086 0.278194188219759
1.5 1.08575195201876 1.26220647721184 0.0678264420177852
1.625 1.08108227313336 1.36739035031283 -0.142541304184189
1.75 1.05011662597272 1.47257422341382 -0.352909050386163
1.875 0.992855010536822 1.57775809651481 -0.563276796588137
2 0.909297426825682 1.68294196961579 -0.773644542790111
2.125 0.728657877612287 1.93225703200457 -1.3484108258584
2.25 0.572194720361082 2.04591921035778 -1.15499969016087
2.375 0.439907955072069 2.15958138871099 -0.961588554463342
2.5 0.331797581745247 2.2732435670642 -0.768177418765814
2.625 0.247863600380615 2.38690574541741 -0.574766283068286
2.75 0.188106010978175 2.50056792377062 -0.381355147370759
2.875 0.152524813537926 2.61423010212383 -0.187944011673231
3 0.141120008059867 2.72789228047704 0.00546712402429694
3.125 0.0294776618290502 0.441000025187085 -0.893822160349573
3.25 -0.082335532027526 0.458640026194568 -0.895188941355647
3.375 -0.194319573509861 0.476280027202052 -0.896555722361721
3.5 -0.306474462617956 0.493920028209535 -0.897922503367795
3.625 -0.41880019935181 0.511560029217019 -0.89928928437387
3.75 -0.531296783711424 0.529200030224502 -0.900656065379944
3.875 -0.643964215696796 0.546840031231985 -0.902022846386018
4 -0.756802495307928 0.564480032239469 -0.903389627392092
4.125 -0.88087595822334 -3.1218102931452 -0.879663999899279
4.25 -0.976718495282748 -3.21641060505869 -0.653816593051256
4.375 -1.04433010648615 -3.31101091697219 -0.427969186203233
4.5 -1.08371079183356 -3.40561122888568 -0.20212177935521
4.625 -1.09486055132496 -3.50021154079917 0.023725627492813
4.75 -1.07777938496035 -3.59481185271266 0.249573034340836
4.875 -1.03246729273975 -3.68941216462615 0.475420441188859
5 -0.958924274663138 -3.78401247653964 0.701267848036882
5.125 -0.797284506726078 -4.91448690764858 1.20545966249187
5.25 -0.65755935904017 -5.03435244198148 1.03014270048265
5.375 -0.539748831605414 -5.15421797631437 0.854825738473433
5.5 -0.443852924421812 -5.27408351064726 0.679508776464213
5.625 -0.369871637489361 -5.39394904498015 0.504191814454992
5.75 -0.317804970808064 -5.51381457931305 0.328874852445772
5.875 -0.287652924377919 -5.63368011364594 0.153557890436551
6 -0.279415498198926 -5.75354564797883 -0.0217590715726694
6.125 -0.164745134537472 -1.71141992646842 0.920082793238213
6.25 -0.0493947998893726 -1.74634686374329 0.92552256113138
6.375 0.0666355057453729 -1.78127380101815 0.930962329024548
6.5 0.183345782366764 -1.81620073829302 0.936402096917715
6.625 0.300736029974802 -1.85112767556788 0.941841864810882
6.75 0.418806248569485 -1.88605461284275 0.94728163270405
6.875 0.537556438150814 -1.92098155011762 0.952721400597217
7 0.656986598718789 -1.95590848739248 0.958161168490384
7.125 0.803331932510499 4.68102951587137 1.05099252427238
7.25 0.919734729786884 4.76315284071122 0.811452232149785
7.375 1.00619499054795 4.84527616555107 0.571911940027189
7.5 1.06271271479368 4.92739949039092 0.332371647904593
7.625 1.08928790252409 5.00952281523077 0.0928313557819966
7.75 1.08592055373918 5.09164614007062 -0.1467089363406
7.875 1.05261066843894 5.17376946491046 -0.386249228463196
8 0.989358246623382 5.25589278975031 -0.625789520585792
8.125 0.848757547636608 8.03853575381498 -1.04658190182097
8.25 0.72771277116814 8.1622055346429 -0.890134521674521
8.375 0.626223917217977 8.28587531547082 -0.733687141528073
8.5 0.544290985786121 8.40954509629874 -0.577239761381625
8.625 0.481913976872571 8.53321487712667 -0.420792381235177
8.75 0.439092890477327 8.65688465795459 -0.264345001088729
8.875 0.415827726600389 8.78055443878251 -0.107897620942281
