0 0
0.225806451612903 0.223892413776237
0.451612903225806 0.436417301745682
0.67741935483871 0.626784293177003
0.903225806451613 0.785328024017181
1.12903225806452 0.903998869352922
1.35483870967742 0.976771641130215
1.58064516129032 0.999951500621578
1.80645161290323 0.972361553770969
2.03225806451613 0.895402604775113
2.25806451612903 0.772982034076334
2.48387096774194 0.611315411792569
2.70967741935484 0.418610919120811
2.93548387096774 0.204652600355301
3.16129032258065 -0.0196963952389965
3.38709677419355 -0.243045360160509
3.61290322580645 -0.454054360733757
3.83870967741935 -0.642009991269708
4.06451612903226 -0.79736931797881
4.29032258064516 -0.912244395370171
4.51612903225806 -0.980802755140025
4.74193548387097 -0.999563533820018
4.96774193548387 -0.967574204112761
5.19354838709677 -0.886458936863777
5.41935483870968 -0.760336138222813
5.64516129032258 -0.595609348819917
5.87096774193548 -0.400642121479524
6.09677419354839 -0.185333384668614
6.32258064516129 0.0393851485599016
6.54838709677419 0.262104008440367
6.7741935483871 0.471515253159797
7 0.656986598718789




0 0
0.225806451612903 0.0253861343827236
0.451612903225806 0.100255625893099
0.67741935483871 0.220807180585829
0.903225806451613 0.380920122525963
1.12903225806452 0.572465154392488
1.35483870967742 0.785717100346791
1.58064516129032 1.00984867527413
1.80645161290323 1.23348021061346
2.03225806451613 1.44525742594812
2.25806451612903 1.63442791158272
2.48387096774194 1.79138705277815
2.70967741935484 1.90816567783243
2.93548387096774 1.97883467100824
3.16129032258065 1.99980600719069
3.38709677419355 1.97001492406274
3.61290322580645 1.89097398250379
3.83870967741935 1.76669627044213
4.06451612903226 1.60349164927612
4.29032258064516 1.40964638789535
4.51612903225806 1.19500245000957
4.74193548387097 0.970457795321986
4.96774193548387 0.747413065390236
5.19354838709677 0.537192747189132
5.41935483870968 0.350470203214341
5.64516129032258 0.196725760653116
5.87096774193548 0.0837653736643728
6.09677419354839 0.0173242973761508
6.32258064516129 0.000775895970821505
6.54838709677419 0.0349603693321752
6.7741935483871 0.118142094191103
7 0.246097745656695




0 1
0.225806451612903 0.974613865617276
0.451612903225806 0.899744374106901
0.67741935483871 0.779192819414171
0.903225806451613 0.619079877474037
1.12903225806452 0.427534845607512
1.35483870967742 0.214282899653209
1.58064516129032 -0.00984867527412734
1.80645161290323 -0.233480210613462
2.03225806451613 -0.445257425948116
2.25806451612903 -0.634427911582721
2.48387096774194 -0.791387052778147
2.70967741935484 -0.908165677832426
2.93548387096774 -0.978834671008242
3.16129032258065 -0.99980600719069
3.38709677419355 -0.970014924062743
3.61290322580645 -0.890973982503787
3.83870967741935 -0.766696270442128
4.06451612903226 -0.603491649276116
4.29032258064516 -0.409646387895354
4.51612903225806 -0.195002450009573
4.74193548387097 0.0295422046780136
4.96774193548387 0.252586934609764
5.19354838709677 0.462807252810868
5.41935483870968 0.649529796785659
5.64516129032258 0.803274239346884
5.87096774193548 0.916234626335627
6.09677419354839 0.982675702623849
6.32258064516129 0.999224104029178
6.54838709677419 0.965039630667825
6.7741935483871 0.881857905808897
7 0.753902254343305




0 0
0.03125 0.0302917353583688
0.0625 0.0608062130978651
0.09375 0.0915434332184887
0.125 0.12250339572024
0.15625 0.153686100603118
0.1875 0.185091547867124
0.21875 0.216719737512258
0.25 0.248306668622511
0.28125 0.279257880801944
0.3125 0.309550915639299
0.34375 0.339185773134576
0.375 0.368162453287775
0.40625 0.396480956098896
0.4375 0.424141281567939
0.46875 0.451213738911514
0.5 0.478047927936771
0.53125 0.504691532403072
0.5625 0.531144552310418
0.59375 0.557406987658807
0.625 0.583478838448241
0.65625 0.609360104678719
0.6875 0.635007194978969
0.71875 0.659818112511725
0.75 0.683600619329676
0.78125 0.706354715432824
0.8125 0.728080400821167
0.84375 0.748777675494706
0.875 0.768446539453442
0.90625 0.787089472070655
0.9375 0.805017496950348
0.96875 0.822446595054022
1 0.839376766381676
1.03125 0.855808010933312
1.0625 0.87174032870893
1.09375 0.887173719708528
1.125 0.902108183932107
1.15625 0.9162553530396
1.1875 0.929149644676742
1.21875 0.940784729771596
1.25 0.951160608324162
1.28125 0.960277280334441
1.3125 0.968134745802433
1.34375 0.974733004728137
1.375 0.980200828881824
1.40625 0.984989241388864
1.4375 0.989137195709765
1.46875 0.992644691844526
1.5 0.995511729793148
1.53125 0.997738309555629
1.5625 0.999324431131972
1.59375 1.00021172450043
1.625 0.999906634861707
1.65625 0.998297257558737
1.6875 0.995383592591514
1.71875 0.991165639960039
1.75 0.985643399664311
1.78125 0.978816871704331
1.8125 0.970699494972162
1.84375 0.961762003992568
1.875 0.952237712863866
1.90625 0.942126621586056
1.9375 0.931428730159138
1.96875 0.920144038583113
2 0.908272546857979
2.03125 0.895814254983737
2.0625 0.882503276803543
2.09375 0.868037979243911
2.125 0.852418066875777
2.15625 0.835643539699141
2.1875 0.817714397714004
2.21875 0.798630640920365
2.25 0.778392269318225
2.28125 0.75722109494801
2.3125 0.735674373389546
2.34375 0.713778940125984
2.375 0.691534795157325
2.40625 0.668941938483569
2.4375 0.646000370104715
2.46875 0.622710090020764
2.5 0.599005634774603
2.53125 0.574518516703345
2.5625 0.549191199565386
2.59375 0.523023683360727
2.625 0.496015968089367
2.65625 0.468168053751308
2.6875 0.439479940346547
2.71875 0.409988135476987
2.75 0.380304254152242
2.78125 0.350646440561444
2.8125 0.321014694704595
2.84375 0.291409016581693
2.875 0.261829406192738
2.90625 0.232275863537732
2.9375 0.202747451775743
2.96875 0.172991926486426
3 0.14281231686429
3.03125 0.112208622909335
3.0625 0.0811808446215629
3.09375 0.049728982000972
3.125 0.0178530350475627
3.15625 -0.0144469962386648
3.1875 -0.0468593235620227
3.21875 -0.0788207908440569
3.25 -0.11031986745253
3.28125 -0.141356553387443
3.3125 -0.171930848648795
3.34375 -0.202042753236586
3.375 -0.231692267150816
3.40625 -0.260964305586564
3.4375 -0.290192178326172
3.46875 -0.319409757358813
3.5 -0.348617042684488
3.53125 -0.377814034303195
3.5625 -0.407000732214935
3.59375 -0.436177136419708
3.625 -0.465278628547218
3.65625 -0.493669345884213
3.6875 -0.521187293766271
3.71875 -0.547832472193392
3.75 -0.573604881165577
3.78125 -0.598504520682824
3.8125 -0.622531390745135
3.84375 -0.64569195508933
3.875 -0.668301902621739
3.90625 -0.690536012785999
3.9375 -0.712394285582108
3.96875 -0.733876721010067
4 -0.754983319069876
4.03125 -0.775714079761536
4.0625 -0.796069003085045
4.09375 -0.815698439069317
4.125 -0.83415461955875
4.15625 -0.851435881533267
4.1875 -0.867542224992868
4.21875 -0.882473649937555
4.25 -0.896230156367325
4.28125 -0.90881174428218
4.3125 -0.920363378854302
4.34375 -0.931291501692477
4.375 -0.941620373497007
4.40625 -0.951349994267893
4.4375 -0.960480364005135
4.46875 -0.969011482708733
4.5 -0.976943350378686
4.53125 -0.984192967238688
4.5625 -0.990228765832478
4.59375 -0.994956310859013
4.625 -0.998375602318293
4.65625 -1.00048664021032
4.6875 -1.00128942453509
4.71875 -1.00078395529261
4.75 -0.99899262634984
4.78125 -0.996380460350658
4.8125 -0.993132556601761
4.84375 -0.989248915103149
4.875 -0.984729535854821
4.90625 -0.979574418856778
4.9375 -0.97378356410902
4.96875 -0.967356654076851
5 -0.959969485836572
5.03125 -0.951336278162589
5.0625 -0.941457031054904
5.09375 -0.930331744513516
5.125 -0.917960418538425
5.15625 -0.90434305312963
5.1875 -0.889479648287133
5.21875 -0.873619962697995
5.25 -0.857267909489231
5.28125 -0.840437874761218
5.3125 -0.823129858513954
5.34375 -0.805343860747439
5.375 -0.787079881461674
5.40625 -0.768337920656659
5.4375 -0.749029852822439
5.46875 -0.728767000941341
5.5 -0.707503398312186
5.53125 -0.685239044934974
5.5625 -0.661973940809704
5.59375 -0.637708085936377
5.625 -0.612441480314993
5.65625 -0.586227203819273
5.6875 -0.559679842425124
5.71875 -0.532974866789478
5.75 -0.506112276912336
5.78125 -0.479092072793696
5.8125 -0.45191425443356
5.84375 -0.424578821831927
5.875 -0.397081912708587
5.90625 -0.36913940807559
5.9375 -0.340575332790868
5.96875 -0.31138968685442
6 -0.281582470266246
6.03125 -0.251153683026347
6.0625 -0.220103325134722
6.09375 -0.188431396591371
6.125 -0.156497957143037
6.15625 -0.124821511195425
6.1875 -0.093406192087465
6.21875 -0.0622519998191562
6.25 -0.031358934390499
6.28125 -0.000726995801493226
6.3125 0.0296438159478611
6.34375 0.0598557559222445
6.375 0.0902290378276071
6.40625 0.120786848753446
6.4375 0.15152918869976
6.46875 0.18245605766655
6.5 0.213567455653817
6.53125 0.244863382661559
6.5625 0.276254220346657
6.59375 0.307082919938373
6.625 0.337217340104251
6.65625 0.366657480844289
6.6875 0.395403342158488
6.71875 0.423454924046848
6.75 0.450812226509369
6.78125 0.477487271041987
6.8125 0.503798259282055
6.84375 0.529886505140996
6.875 0.555752008618809
6.90625 0.581394769715496
6.9375 0.606814788431054
6.96875 0.632012064765485
7 0.656986598718789




0 0
0.03125 0.000472728306690327
0.0625 0.0018955536930348
0.09375 0.00427543685844364
0.125 0.00761933850232709
0.15625 0.0119342193240954
0.1875 0.0172270400231587
0.21875 0.0235047612989274
0.25 0.0307722148111663
0.28125 0.0390171248994184
0.3125 0.0482189763473079
0.34375 0.0583572011128946
0.375 0.0694112311542389
0.40625 0.0813604984294006
0.4375 0.0941844348964399
0.46875 0.107862874145367
0.5 0.122383084003827
0.53125 0.137738884385592
0.5625 0.153924319523196
0.59375 0.170933433649171
0.625 0.188760270996049
0.65625 0.207398875796364
0.6875 0.226843145806265
0.71875 0.24707746938871
0.75 0.268071065226635
0.78125 0.289791795485202
0.8125 0.312207522329574
0.84375 0.335286107924913
0.875 0.35899541443638
0.90625 0.383303306528508
0.9375 0.408181277207941
0.96875 0.433611702933988
1 0.4595789922449
1.03125 0.486067553678926
1.0625 0.513061795774315
1.09375 0.540546127069317
1.125 0.568504956102181
1.15625 0.596920075166136
1.1875 0.625757807439158
1.21875 0.654978811223617
1.25 0.684543736315067
1.28125 0.714413232509062
1.3125 0.744547949601154
1.34375 0.774908537386898
1.375 0.805456511063529
1.40625 0.836164273771369
1.4375 0.867011667210895
1.46875 0.89797867706379
1.5 0.929045289011738
1.53125 0.960191488736423
1.5625 0.991397261919526
1.59375 1.02264233926616
1.625 1.05389758521365
1.65625 1.08512291761518
1.6875 1.11627757748124
1.71875 1.14732080582231
1.75 1.1782118436489
1.78125 1.2089099319715
1.8125 1.23937433889513
1.84375 1.26957057794184
1.875 1.29947835164311
1.90625 1.32907932249428
1.9375 1.35835515299069
1.96875 1.38728750562767
2 1.41585804290058
2.03125 1.44404842730474
2.0625 1.47183764103151
2.09375 1.49919285496665
2.125 1.52607798749666
2.15625 1.55245695690879
2.1875 1.57829368149027
2.21875 1.60355207952833
2.25 1.6281960693102
2.28125 1.65219128339629
2.3125 1.67551868319246
2.34375 1.69816729931954
2.375 1.72012623453674
2.40625 1.74138459160328
2.4375 1.76193147327837
2.46875 1.78175598232123
2.5 1.800846869537
2.53125 1.81918537242225
2.5625 1.83674552475735
2.59375 1.85350107032148
2.625 1.86942575289379
2.65625 1.88449331625345
2.6875 1.89867750417963
2.71875 1.91195217085755
2.75 1.92430042156078
2.78125 1.93572145828096
2.8125 1.94621609563477
2.84375 1.95578514823889
2.875 1.96442943071002
2.90625 1.97214975766484
2.9375 1.97894694309043
2.96875 1.98481897526206
3 1.9897545209507
3.03125 1.99374032752094
3.0625 1.9967631423374
3.09375 1.99880971276466
3.125 1.99986678616732
3.15625 1.99992110990999
3.1875 1.99896215531416
3.21875 1.99699719938418
3.25 1.99404067245592
3.28125 1.99010702423792
3.3125 1.98521070443872
3.34375 1.97936616276688
3.375 1.97258784893095
3.40625 1.96488967050617
3.4375 1.95627782363851
3.46875 1.9467527665869
3.5 1.93631482102969
3.53125 1.92496430864523
3.5625 1.91270155111186
3.59375 1.89952687010791
3.625 1.88544084786969
3.65625 1.87045501293207
3.6875 1.85459560510041
3.71875 1.83788989842017
3.75 1.82036516693681
3.78125 1.80204868469581
3.8125 1.78296772574263
3.84375 1.76314955326296
3.875 1.74261742049307
3.90625 1.72138459932168
3.9375 1.69946283466653
3.96875 1.67686387144538
4 1.65359945457599
4.03125 1.6296813289761
4.0625 1.60512123956348
4.09375 1.57993433846325
4.125 1.55415232473856
4.15625 1.52781191347536
4.1875 1.50094982087726
4.21875 1.47360276314784
4.25 1.44580745649069
4.28125 1.41760061710941
4.3125 1.38901788955645
4.34375 1.36008422149834
4.375 1.33081841289893
4.40625 1.30123919035304
4.4375 1.27136528045546
4.46875 1.24121540980099
4.5 1.21080830498443
4.53125 1.18016311094623
4.5625 1.14930936445666
4.59375 1.11828744072303
4.625 1.0871382226693
4.65625 1.05590259321946
4.6875 1.02462143529748
4.71875 0.993335631827342
4.75 0.962086005534452
4.78125 0.9309066454877
4.8125 0.899818849030762
4.84375 0.868842482968316
4.875 0.837997414105041
4.90625 0.807303509245616
4.9375 0.776780635194719
4.96875 0.746448658863727
5 0.716330943033221
5.03125 0.686463545576376
5.0625 0.656885405225494
5.09375 0.627635460712879
5.125 0.598752650770833
5.15625 0.570275914131661
5.1875 0.542244189527666
5.21875 0.5146943175839
5.25 0.487647949837435
5.28125 0.461120052214982
5.3125 0.435125561639017
5.34375 0.409679415032018
5.375 0.384796549316461
5.40625 0.360491901414823
5.4375 0.336780941266776
5.46875 0.313687759304977
5.5 0.291243428194901
5.53125 0.269479221397425
5.5625 0.248426412373424
5.59375 0.228116274583777
5.625 0.20858008148936
5.65625 0.189848910355279
5.6875 0.171943702303957
5.71875 0.154870562018725
5.75 0.13863441494463
5.78125 0.123240186526719
5.8125 0.108692802210039
5.84375 0.0949971874396373
5.875 0.0821582728517965
5.90625 0.0701844460409715
5.9375 0.0590935345413609
5.96875 0.0489049624358311
6 0.0396381538072484
6.03125 0.0313125327384795
6.0625 0.0239475233123906
6.09375 0.0175625496118482
6.125 0.0121736480608112
6.15625 0.00777871138583432
6.1875 0.00436958353985075
6.21875 0.00193810430912139
6.25 0.000476113479907114
6.28125 -2.45491615311691E-05
6.3125 0.000427956171067421
6.34375 0.00182619082187987
6.375 0.00417078517989714
6.40625 0.00746742786340194
6.4375 0.0117218854042841
6.46875 0.0169399243344336
6.5 0.0231273111857402
6.53125 0.0302898124900937
6.5625 0.0384327731877163
6.59375 0.047549224024008
6.625 0.0576182236065122
6.65625 0.0686180757031712
6.6875 0.0805270840819278
6.71875 0.0933235525107243
6.75 0.106985784757503
6.78125 0.121492112866575
6.8125 0.136825279336173
6.84375 0.152977183838567
6.875 0.169940865674348
6.90625 0.187709364144106
6.9375 0.20627571854843
6.96875 0.22563296818791
7 0.245774152363136




0 0.965771653369763
0.03125 0.972899409565841
0.0625 0.980027165761919
0.09375 0.987154921957996
0.125 0.994282678154074
0.15625 1.00141043435015
0.1875 1.00853819054623
0.21875 1.01566594674231
0.25 1.0009696272151
0.28125 0.979907952268608
0.3125 0.958846277322113
0.34375 0.937784602375619
0.375 0.916722927429124
0.40625 0.89566125248263
0.4375 0.874599577536135
0.46875 0.861743401751525
0.5 0.855644695864937
0.53125 0.84954598997835
0.5625 0.843447284091762
0.59375 0.837348578205175
0.625 0.831249872318587
0.65625 0.825151166432
0.6875 0.810403932485044
0.71875 0.777494789611314
0.75 0.744585646737583
0.78125 0.711676503863853
0.8125 0.678767360990123
0.84375 0.645858218116393
0.875 0.612949075242663
0.90625 0.581679624566461
0.9375 0.565713967733859
0.96875 0.549748310901256
1 0.533782654068653
1.03125 0.517816997236051
1.0625 0.501851340403448
1.09375 0.485885683570845
1.125 0.469920026738243
1.15625 0.432764637065122
1.1875 0.392470027711924
1.21875 0.352175418358726
1.25 0.311880809005528
1.28125 0.27158619965233
1.3125 0.231291590299132
1.34375 0.190996980945934
1.375 0.163476531203529
1.40625 0.14298186924706
1.4375 0.122487207290591
1.46875 0.101992545334121
1.5 0.0814978833776523
1.53125 0.0610032214211831
1.5625 0.0405085594647139
1.59375 0.0111057341890555
1.625 -0.0306314710670189
1.65625 -0.0723686763230933
1.6875 -0.114105881579168
1.71875 -0.155843086835242
1.75 -0.197580292091317
1.78125 -0.239317497347391
1.8125 -0.276610908961281
1.84375 -0.295388513732736
1.875 -0.314166118504191
1.90625 -0.332943723275646
1.9375 -0.351721328047101
1.96875 -0.370498932818555
2 -0.38927653759001
2.03125 -0.408054142361465
2.0625 -0.444415684972208
2.09375 -0.48136335884426
2.125 -0.518311032716312
2.15625 -0.555258706588365
2.1875 -0.592206380460417
2.21875 -0.629154054332469
2.25 -0.666101728204521
2.28125 -0.683915702589298
2.3125 -0.695074477152413
2.34375 -0.706233251715528
2.375 -0.717392026278644
2.40625 -0.728550800841759
2.4375 -0.739709575404874
2.46875 -0.750868349967989
2.5 -0.770144593213064
2.53125 -0.797030963347475
2.5625 -0.823917333481886
2.59375 -0.850803703616297
2.625 -0.877690073750708
2.65625 -0.904576443885119
2.6875 -0.93146281401953
2.71875 -0.950301286135017
2.75 -0.949467118648688
2.78125 -0.948632951162359
2.8125 -0.94779878367603
2.84375 -0.946964616189701
2.875 -0.946130448703372
2.90625 -0.945296281217043
2.9375 -0.94539145993307
2.96875 -0.958962158583256
3 -0.972532857233443
3.03125 -0.986103555883629
3.0625 -0.999674254533816
3.09375 -1.013244953184
3.125 -1.02681565183419
3.15625 -1.04038635048438
3.1875 -1.03016520380206
3.21875 -1.01536870224812
3.25 -1.00057220069418
3.28125 -0.985775699140232
3.3125 -0.970979197586287
3.34375 -0.956182696032343
3.375 -0.941386194478399
3.40625 -0.935456626978937
3.4375 -0.935127228355991
3.46875 -0.934797829733045
3.5 -0.934468431110099
3.53125 -0.934139032487153
3.5625 -0.933809633864207
3.59375 -0.933480235241261
3.625 -0.92246726606282
3.65625 -0.894538643504844
3.6875 -0.866610020946867
3.71875 -0.838681398388891
3.75 -0.810752775830915
3.78125 -0.782824153272938
3.8125 -0.754895530714962
3.84375 -0.729531718927498
3.875 -0.717504923146697
3.90625 -0.705478127365897
3.9375 -0.693451331585096
3.96875 -0.681424535804295
4 -0.669397740023495
4.03125 -0.657370944242694
4.0625 -0.645344148461894
4.09375 -0.609396471900499
4.125 -0.5717990794232
4.15625 -0.534201686945902
4.1875 -0.496604294468604
4.21875 -0.459006901991306
4.25 -0.421409509514007
4.28125 -0.383812117036709
4.3125 -0.359287947359895
4.34375 -0.340111914283279
4.375 -0.320935881206663
4.40625 -0.301759848130047
4.4375 -0.282583815053431
4.46875 -0.263407781976815
4.5 -0.244231748900199
4.53125 -0.214077612077356
4.5625 -0.172213497925201
4.59375 -0.130349383773047
4.625 -0.0884852696208928
4.65625 -0.0466211554687386
4.6875 -0.00475704131658433
4.71875 0.0371070728355699
4.75 0.0734175079783661
4.78125 0.0937611159692572
4.8125 0.114104723960148
4.84375 0.13444833195104
4.875 0.154791939941931
4.90625 0.175135547932822
4.9375 0.195479155923713
4.96875 0.216452752749688
5 0.256326014628184
5.03125 0.29619927650668
5.0625 0.336072538385176
5.09375 0.375945800263672
5.125 0.415819062142167
5.15625 0.455692324020663
5.1875 0.495565585899159
5.21875 0.515617998372425
5.25 0.530913406988436
5.28125 0.546208815604446
5.3125 0.561504224220457
5.34375 0.576799632836468
5.375 0.592095041452478
5.40625 0.607390450068489
5.4375 0.632399248226205
5.46875 0.664423272164041
5.5 0.696447296101876
5.53125 0.728471320039712
5.5625 0.760495343977548
5.59375 0.792519367915383
5.625 0.824543391853219
5.65625 0.846993736748819
5.6875 0.852037392476718
5.71875 0.857081048204616
5.75 0.862124703932514
5.78125 0.867168359660413
5.8125 0.872212015388311
5.84375 0.877255671116209
5.875 0.884215017828278
5.90625 0.904105278683501
5.9375 0.923995539538724
5.96875 0.943885800393947
6 0.96377606124917
6.03125 0.983666322104393
6.0625 1.00355658295962
6.09375 1.02344684381484
6.125 1.017824299758
6.15625 1.00946824088915
6.1875 1.0011121820203
6.21875 0.992756123151456
6.25 0.984400064282608
6.28125 0.976044005413761
6.3125 0.967687946544913
6.34375 0.968992556643989
6.375 0.974897485299218
6.40625 0.980802413954448
6.4375 0.986707342609678
6.46875 0.992612271264908
6.5 0.998517199920137
6.53125 1.00442212857537
6.5625 0.997626857748365
6.59375 0.975409916121509
6.625 0.953192974494653
6.65625 0.930976032867797
6.6875 0.90875909124094
6.71875 0.886542149614084
6.75 0.864325207987228
6.78125 0.845515501780225
6.8125 0.838387745584148
6.84375 0.83125998938807
6.875 0.824132233191993
6.90625 0.817004476995915
6.9375 0.809876720799838
6.96875 0.80274896460376
7 0.795621208407682
