
________________________________________________________________________________________________________
Test of QRGS.inverse()


Random square matrix A:
     0,249      0,111      0,467      0,772      0,658      0,433      0,354      0,944      0,101      0,642 
    0,0286      0,248       0,32       0,99      0,682      0,655      0,283      0,615      0,704      0,702 
      0,95     0,0934      0,161      0,382      0,798      0,169      0,794      0,307      0,823      0,886 
     0,556      0,717      0,699     0,0136      0,992      0,806      0,859     0,0625      0,514      0,525 
     0,273      0,994      0,691      0,387      0,434      0,675      0,677      0,473      0,245      0,353 
     0,526      0,169      0,347      0,692      0,395      0,155       0,95      0,085      0,974      0,488 
     0,639     0,0469      0,121      0,215     0,0862      0,312      0,549      0,306      0,998      0,876 
     0,796       0,22      0,101      0,179      0,429      0,956      0,402      0,774      0,948      0,123 
     0,492      0,321     0,0627       0,47       0,36      0,387       0,37     0,0076      0,618      0,837 
     0,856      0,774     0,0888     0,0263      0,886      0,226      0,873      0,476        0,3      0,122 

Corresponding Q-matrix:
      0,13    -0,0167       0,55      0,184      0,196    -0,0585     -0,508      0,371     -0,344      0,301 
     0,015      0,199      0,238      0,672      0,326      0,287       0,29    0,00878      0,421    -0,0383 
     0,498     -0,346     0,0933    -0,0318       0,24     -0,303     -0,308     -0,216      0,339     -0,466 
     0,291      0,364      0,342     -0,554      0,358      0,152       0,25     -0,322    -0,0194      0,202 
     0,143      0,728       0,11    0,00891     -0,483    -0,0677     -0,279     0,0694      0,156     -0,304 
     0,276    -0,0909      0,314      0,198     -0,291     -0,398      0,597     0,0128      -0,39     -0,163 
     0,335     -0,246     0,0942    -0,0818     -0,464     0,0434     0,0711      0,144       0,51      0,555 
     0,417     -0,168    -0,0909    -0,0498     -0,129      0,747     0,0216      0,226     -0,261     -0,305 
     0,258     0,0541     -0,214       0,39     -0,145     0,0851     -0,229     -0,694     -0,282      0,302 
     0,449      0,278     -0,584     0,0779      0,316     -0,264     0,0973      0,391    -0,0639      0,193 

Corresponding R-matrix:
      1,91          1      0,682      0,835       1,65       1,23       1,89       1,04       1,91       1,49 
         0       1,17      0,708      0,226      0,663      0,682      0,556      0,287     -0,157     0,0699 
         0          0      0,709      0,848      0,484      0,536      0,429      0,473      0,509      0,796 
         0          0          0       1,09      0,268        0,2      0,096      0,541      0,512      0,629 
         0          0          0          0      0,705     0,0035    -0,0287      0,136      -0,35    -0,0624 
         0          0          0          0          0      0,827     -0,348      0,438      0,345    -0,0748 
         0          0          0          0          0          0      0,298     -0,378       0,52     -0,186 
         0          0          0          0          0          0          0      0,704     -0,224     -0,464 
         0          0          0          0          0          0          0          0      0,258      0,401 
         0          0          0          0          0          0          0          0          0      0,398 

Inverse A' of square matrix A:
    -0,791      -1,11       3,82      -1,34       2,23     -0,533      -2,35       1,17      0,256       -1,8 
     -1,82      0,981       2,04      -1,13       2,17      -1,08     -0,494     -0,172     -0,598     -0,191 
     -2,06       0,35       5,86      -1,07       3,88      -1,11      -2,01      0,507      -2,75      -3,16 
     0,264     -0,334      0,368     -0,772      0,436       0,81      -1,55      0,414       1,15     -0,498 
    -0,821       1,19       1,54      0,278    -0,0526     -0,682     -0,726     -0,174     -0,964     0,0046 
      2,38      -1,33      -4,84       1,71      -2,82       1,22      0,876       0,45       2,67       1,15 
      3,44      -1,55      -7,35       2,16      -4,34        2,6        2,8     -0,887       2,15       3,09 
     0,227      0,516    -0,0804     -0,398      0,166     -0,531       1,06     -0,127      -1,21      0,557 
     -2,51       1,79       3,14     -0,867        1,8     -0,876     -0,194      0,183      -2,28         -1 
     0,757    -0,0964      -1,17      0,508     -0,766     -0,411        1,4     -0,768      0,761      0,485 

A times it's inverse A':
         1   1,17e-15   3,33e-16  -3,89e-16   1,11e-16  -6,11e-16  -7,77e-16  -2,78e-16  -7,77e-16  -6,11e-16 
  2,22e-16          1          0   5,55e-16  -4,44e-16          0  -8,88e-16  -3,33e-16   9,99e-16   2,78e-16 
  7,77e-16   2,78e-17          1   6,66e-16   1,89e-15          0   1,33e-15  -5,55e-16  -2,22e-16   1,55e-15 
     5e-16    4,3e-16  -1,55e-15          1  -1,05e-15  -2,78e-17   1,11e-16  -7,77e-16   3,33e-16  -5,55e-16 
         0  -6,25e-17   3,44e-15   1,67e-16          1   1,39e-16  -7,22e-16  -3,33e-16  -3,33e-16   1,67e-16 
  1,67e-16   2,08e-16  -9,99e-16   2,78e-17  -9,99e-16          1  -3,33e-16  -6,11e-16  -3,89e-16   5,83e-16 
 -5,55e-16   3,05e-16  -4,44e-16  -2,78e-16  -1,11e-16  -3,89e-16          1  -3,33e-16  -9,99e-16  -2,78e-16 
  1,25e-16  -1,65e-16  -2,78e-17   1,46e-16   3,61e-16  -1,18e-16  -1,03e-15          1   5,27e-16  -2,08e-17 
 -2,22e-16   5,69e-16  -5,55e-16  -6,66e-16   4,44e-16   5,55e-17  -1,11e-15          0          1  -3,89e-16 
  1,39e-16   1,51e-16  -1,94e-15   2,98e-16  -7,91e-16  -9,71e-17    2,5e-16  -1,11e-16   5,55e-17          1 

AA' is approximately equal to identity: True

