200 0.845 0.0255905255905384 0.0596018366025517
400 0.8025 0.0199056367644946 0.0171018366025517
600 0.815 0.0158521817636143 0.0296018366025517
800 0.78625 0.0144940046872836 0.000851836602551725
1000 0.794 0.0127892142057282 0.00860183660255176
1200 0.793333333333333 0.0116888677650844 0.00793516993588506
1400 0.778571428571429 0.0110969094533978 0.0068267348260197
1600 0.78125 0.0103349660588461 0.00414816339744828
1800 0.794444444444444 0.00952489338335788 0.00904628104699612
2000 0.784 0.00920173896608679 0.00139816339744825
2200 0.787727272727273 0.00871813722099263 0.00232910932982444
2400 0.795 0.00824052486192475 0.00960183660255176
2600 0.798076923076923 0.00787279023768169 0.0126787596794748
2800 0.775 0.00789156421213727 0.0103981633974483
3000 0.780333333333333 0.00755895103441878 0.00506483006411496
3200 0.800625 0.0070627679014454 0.0152268366025518
3400 0.793823529411765 0.00693812429229242 0.00842536601431643
3600 0.789166666666667 0.006798338009496 0.0037685032692184
3800 0.782631578947368 0.00669090880818139 0.00276658445007982
4000 0.79175 0.00642031808986128 0.00635183660255167
4200 0.785714285714286 0.0063314661459137 0.000316122316837419
4400 0.789545454545455 0.00614527589720285 0.00414729114800627
4600 0.78304347826087 0.00607715589611207 0.00235468513657866
4800 0.796875 0.00580705810442129 0.0114768366025517
5000 0.7848 0.00581186648160468 0.000598163397448226
5200 0.781538461538462 0.00573008414951225 0.00385970185898676
5400 0.784814814814815 0.00559233141042934 0.000583348582633425
5600 0.7825 0.00551287049289466 0.00289816339744831
5800 0.777931034482759 0.00545758472648693 0.0074671289146897
6000 0.783 0.00532151294276355 0.00239816339744825
6200 0.791774193548387 0.00515670280970418 0.00637603015093879
6400 0.78734375 0.00511483090715033 0.00194558660255173
6600 0.780606060606061 0.00509396908342612 0.00479210279138764
6800 0.783088235294118 0.00499795621520705 0.00230992810333064
7000 0.781428571428571 0.00493960610320403 0.00396959196887681
7200 0.785 0.00484158777904751 0.000398163397448248
7400 0.78 0.0048155154645364 0.00539816339744825
7600 0.783157894736842 0.00472704434537948 0.00224026866060623
7800 0.783076923076923 0.00466667750394303 0.00232124032052516
8000 0.791625 0.00454085426124589 0.00622683660255174
8200 0.793780487804878 0.00446794852505896 0.00838232440742981
8400 0.781666666666667 0.00450745267636052 0.00373149673078166
8600 0.783953488372093 0.00443781866122546 0.00144467502535528
8800 0.780568181818182 0.00441178039910347 0.00482998157926651
9000 0.775333333333333 0.0043993882851995 0.010064830064115
9200 0.788260869565217 0.00425933337146718 0.00286270616776907
9400 0.785212765957447 0.00423578571845286 0.000185397440001456
9600 0.779895833333333 0.00422860204542922 0.00550233006411494
9800 0.788775510204082 0.00412321333856788 0.00337734680663337
10000 0.7802 0.0041411104790865 0.00519816339744827
