0 3.04159265358979
0.125 3.03770795608675
0.248269608401644 3.02613522057695
0.34558056812141 3.01117365754492
0.425931825970484 2.99452030662117
0.498048950332037 2.97587269002061
0.562155762824716 2.95601416151815
0.619570584693532 2.93531019892536
0.671598643219457 2.91391365285002
0.719282395542895 2.89188472274594
0.765480391789792 2.86812753498851
0.807322755578853 2.84437705679706
0.847815131435398 2.81920032412566
0.886631251328902 2.79287872740932
0.923668683861822 2.76561322806429
0.958956705585193 2.73753862465348
0.992594981302499 2.70873851758121
1.02471559989923 2.67925832830351
1.05546100088365 2.64911551349354
1.08497200281083 2.61830703601666
1.11338194202714 2.58681452254935
1.14081435168439 2.55460761107621
1.16738260169572 2.52164593470634
1.19319056494601 2.48788008933231
1.21833377705907 2.45325183194901
1.24290080062842 2.41769366855309
1.26697464953619 2.38112791771677
1.29063421396882 2.34346527521842
1.31395567675826 2.30460285172774
1.33701394204569 2.2644216042709
1.35988411725574 2.22278302795154
1.38264310430802 2.17952491268226
1.40537136810141 2.13445589788062
1.42815495806803 2.08734847942896
1.45108785339198 2.03793005786336
1.47427465909939 1.9858716320342
1.49783353216485 1.93077403332199
1.5218987942193 1.87215269675432
1.54662156836205 1.80942529141914
1.57216398193857 1.74191560016452
1.59867617102026 1.66890922809859
1.62623462246145 1.58983949736582
1.65471840485174 1.50471148096481
1.68366141796004 1.41470124359828
1.71226127089832 1.32234874252516
1.73789487924565 1.23677601817358
1.76101804411808 1.15739729002953
1.782080388994 1.08336549473931
1.80243768785657 1.01032384627047
1.82083142700799 0.943139120579025
1.83862526885967 0.877138750443825
1.85571506369957 0.812881782703488
1.87209253745452 0.750566630728394
1.88780007765013 0.690181665399484
1.90290252943359 0.631606398534308
1.91747120177431 0.574673316459305
1.93157562230896 0.519202776144565
1.94527982326735 0.465021060148896
1.95864110455813 0.411968567368623
1.97171005629588 0.359902551452105
1.98453115681112 0.308697039963257
1.99714358068941 0.25824143638773
2.00958203302584 0.208438624903035
2.02187752590214 0.159203001542187
2.03405806587664 0.110458632530529
2.04614924780732 0.062137619591929
2.05817476260922 0.0141786893507496
2.07015683135073 -0.0334740061531606
2.08211657916075 -0.0808719032757941
2.09407436177308 -0.128062883614495
2.1060500562389 -0.175092001376474
2.11806332592548 -0.222002105582704
2.13013386863763 -0.268834377577664
2.14228165564199 -0.315628800397911
2.15452716855743 -0.362424572747476
2.16689164046546 -0.409260476581019
2.17939730712775 -0.4561752033802
2.19206767377207 -0.503207639737654
2.20492780236304 -0.550397107249471
2.21800462335607 -0.597783544084693
2.23132727421764 -0.645407604627184
2.2449274637739 -0.693310637259597
2.2588398555282 -0.741534475614454
2.2731024524677 -0.790120940822769
2.28775694725626 -0.83911089463582
2.30284896977384 -0.888542596308602
2.31842811057279 -0.938448988164688
2.33454751266123 -0.988853355744717
2.35126269258914 -1.03976258257081
2.36862907076157 -1.09115699870364
2.38669749141612 -1.14297577876591
2.40550692201679 -1.19509739257056
2.42507385304569 -1.24731649450156
2.44537918415936 -1.29932264281295
2.46635590472958 -1.35069185737499
2.48788371390664 -1.40090517495404
2.50979689317915 -1.44940181962697
2.53190651136816 -1.49565638800862
2.55402982854227 -1.53925204858883
2.57601568704261 -1.57992241745818
2.59775821553597 -1.61755336930128
2.61919818852285 -1.65215528871555
2.64031614324494 -1.68382333729226
2.66112219524782 -1.71269955329924
2.68164603835904 -1.7389434571565
2.70192879006938 -1.76271232407253
2.72201706023919 -1.78414954557431
2.74195897780522 -1.80337876293155
2.76180170124174 -1.82050169518516
2.78158994920177 -1.83559812670368
2.80136517959985 -1.84872704441077
2.82116514936518 -1.85992831886305
2.84102367660085 -1.86922459970736
2.86097049617826 -1.8766232702865
2.88103115133591 -1.88211840718935
2.9012269020726 -1.88569274107617
2.9215746597256 -1.88731963057097
2.94208697808472 -1.88696505143802
2.96277214483155 -1.88458957602273
2.98363442168676 -1.88015028030834
3.00467447554443 -1.87360247681752
3.02589002500355 -1.86490114183444
3.04727669812203 -1.85400189638939
3.06882906182365 -1.84086142101147
3.09054174744504 -1.82543723762091
3.11241056714025 -1.80768687412391
3.13443349677215 -1.78756652881818
3.15661139256139 -1.76502946253543
3.17894830611238 -1.74002446203029
3.20145125692715 -1.71249484401693
3.22412930461244 -1.68237862069977
3.2469917317326 -1.64961064116362
3.2700451138684 -1.61412775477892
3.29328905470762 -1.57587824548883
3.31671048461674 -1.53483675745311
3.34027679587318 -1.49102526125159
3.36392884995644 -1.44453871505335
3.38757598838448 -1.39557063003368
3.41109606563036 -1.34442966768749
3.43434311228838 -1.29153667037006
3.45716271143127 -1.23739585303307
3.47941141387163 -1.18254432378481
3.50097416361455 -1.12749445371692
3.52177470543372 -1.07268622860043
3.54177742289009 -1.01846030062214
3.56098238943035 -0.965052716654738
3.5794168778007 -0.912605449840827
3.59712625109605 -0.861184924458864
3.61416603819357 -0.81080218828286
3.63059590987999 -0.761430956377723
3.64647556261507 -0.713021970060845
3.66186218250627 -0.665513519926465
3.67680907596003 -0.618838663096445
3.69136509199669 -0.572929876785296
3.70557454330175 -0.527721859067815
3.7194774170543 -0.483153060663117
3.7331097359908 -0.439166387231271
3.74650398165377 -0.395709384438297
3.75968952743252 -0.352734118222825
3.77269305247445 -0.310196889592994
3.78553892233987 -0.268057872182669
3.79824953119961 -0.226280726316603
3.8108456054878 -0.184832220754175
3.82334647163875 -0.143681878911095
3.83577029180042 -0.102801657495834
3.84813427183308 -0.062165660244997
3.8604548458514 -0.021749886507339
3.87274784128184 0.0184679870482142
3.88502862802118 0.0585087938960617
3.89731225487204 0.0983920366037846
3.90961357603532 0.138136019265765
3.92194737007393 0.177757954887325
3.93432845342761 0.217274048504684
3.94677179024659 0.256699556014155
3.95929260000622 0.29604881773124
3.97190646404235 0.335335264571512
3.98462943177509 0.37457139338225
3.99747812692247 0.413768706274927
4.01046985338356 0.452937606705785
4.02362269960719 0.492087242386569
4.03695563903678 0.531225281709314
4.05048862246835 0.570357606035833
4.06424265564677 0.609487894713668
4.07823985184932 0.64861707283163
4.09250344416815 0.68774258341406
4.10705773522874 0.726857436132715
4.12192795267099 0.765948974431694
4.13713996651525 0.804997294108959
4.15271980969394 0.843973242868925
4.16869292695355 0.88283593965432
4.18508306395512 0.921529787453733
4.20191070608703 0.959981033143861
4.21919100010229 0.998094077423713
4.23693116297281 1.03574797834849
4.25512752468902 1.07279391884441
4.27376257312492 1.10905475228673
4.29280263148915 1.14432792622161
4.31219698911388 1.17839284547897
4.33187925123857 1.21102285031375
4.35177124237698 1.24200053438039
4.37178905718189 1.27113367059403
4.39185011955307 1.29826837275253
4.41187977701731 1.32329678806048
4.43181619592866 1.34615830033893
4.45161296259845 1.36683505160457
4.47123948176307 1.38534375726127
4.49067971870906 1.4017260338177
4.50992997837971 1.41603901787621
4.52899633297716 1.42834734914294
4.54789212497079 1.438716942493
4.56663578262511 1.44721052936769
4.5852490385175 1.45388471477941
4.6037555484567 1.45878821799437
4.62217985986938 1.46196097814763
4.64054666071825 1.46343386074803
4.65888023944222 1.46322876647638
4.67720409402873 1.46135900438841
4.69554063844806 1.457829841907
4.71391096424404 1.45263918340492
4.73233462274983 1.44577835964333
4.75082939888502 1.43723303436083
4.76941105111807 1.42698425412597
4.78809299469629 1.41500968456584
4.80688590777641 1.40128509043275
4.82579724415748 1.38578612718691
4.84483064389044 1.36849051423968
4.86398524643595 1.34938064860177
4.88325493254737 1.32844668392183
4.90262755197683 1.30569003433536
4.92208423311165 1.28112715845422
4.94159891161105 1.25479333883115
4.96113824539414 1.22674601677578
4.98066208461023 1.19706711572965
5.00012461914054 1.16586375218124
5.01947622506436 1.13326685239852
5.0386658897236 1.09942748769684
5.05764395177805 1.06451116040861
5.07636479929389 1.02869069623486
5.09478916392997 0.99213868189323
5.11288573669333 0.955020433313635
5.13063197756805 0.917488288110949
5.14801414598411 0.879677674232464
5.16502669688103 0.841705038370184
5.18167124664876 0.803667424713925
5.19795531743662 0.765643325130621
5.21389103485918 0.72769437252022
5.22949390383597 0.689867486219296
5.24478173657483 0.652197160859858
5.25977376493211 0.614707684418739
5.27448993982086 0.577415156325115
5.28895040233567 0.540329242983871
5.30317510235563 0.503454654377325
5.31718353773456 0.466792354199264
5.33099458831924 0.430340531453377
5.34462642211379 0.394095367781133
5.35809645470888 0.358051635407149
5.37142134689353 0.322203158029371
5.38461702878674 0.28654316293926
5.39769874171524 0.251064548191043
5.41068109139911 0.215760084348056
5.42357810783587 0.180622566514627
5.43640330866927 0.145644929124025
5.44916976387181 0.110820333301144
5.46189016033433 0.0761422345034701
5.47457686550534 0.0416044364943024
5.48724198960938 0.00720113644317941
5.49989744623741 -0.0270730349892653
5.5125550112746 -0.0612229754005028
5.52522638023307 -0.0952530715096928
5.53792322410552 -0.129167156701139
5.55065724385889 -0.162968462948898
5.56344022365112 -0.196659564828854
5.57628408277777 -0.230242313210009
5.58920092623617 -0.263717755987406
5.60220309362403 -0.297086042874528
5.61530320585433 -0.330346310808829
5.6285142088507 -0.363496545933132
5.64184941296255 -0.396533417390595
5.65532252627377 -0.429452077307711
5.66894767923359 -0.462245920343018
5.6827394370609 -0.494906295071989
5.6967127951074 -0.527422158317458
5.71088315074737 -0.559779662433198
5.72526624333497 -0.591961664712069
5.73987805130312 -0.623947147870396
5.75473463259988 -0.655710541525336
5.76985189152212 -0.687220937609362
5.78524525198922 -0.718441199042534
5.8009292151409 -0.749326972477081
5.81691677913341 -0.779825634752366
5.83321870315874 -0.80987523120603
5.84984260882108 -0.839403503865144
5.86679193336563 -0.868327158193719
5.88406478366139 -0.896551573048422
5.90165278754387 -0.923971206366153
5.91954009476286 -0.950470965458362
5.93770272937931 -0.97592876458868
5.95610851616943 -1.0002193557928
5.97471776971797 -1.02321928646547
5.99348483138795 -1.04481254761598
6.01236037768798 -1.06489621687737
6.03129424762849 -1.08338527817733
6.05023840855316 -1.10021588897421
6.069149649158 -1.11534665639389
6.08799166450899 -1.12875787894107
6.10673634652588 -1.14044907656487
6.12536425784522 -1.15043536419131
6.14386439745994 -1.158743287588
6.16223343868248 -1.16540666609293
6.18047463553749 -1.17046283713014
6.19859656990812 -1.17394953337923
6.21661186924068 -1.17590248480479
6.2345359795603 -1.17635374072641
6.25238604032097 -1.17533065100644
6.27017987967726 -1.17285542114092
6.28793513090096 -1.16894515250252
6.30566846099854 -1.16361228662493
6.32339489893319 -1.15686538422596
6.34112725138622 -1.1487101810074
6.35887559740226 -1.13915087024996
6.37664685865229 -1.12819156510696
6.3944444487096 -1.11583789039728
6.41226801188659 -1.1020986445469
6.43011326878833 -1.08698745813753
6.44797199041675 -1.07052435869971
6.46583212377813 -1.05273713593255
6.48367808795378 -1.03366239278939
6.50149124955362 -1.01334617161342
6.51925057067528 -0.991844065317739
6.53693340288311 -0.969220762875883
6.55451638083703 -0.945549032783803
6.57197635343983 -0.920908209379369
6.58929128272729 -0.895382303394829
6.6064410434472 -0.869057898271662
6.62340806903804 -0.842022009568175
6.6401778097207 -0.814360074241874
6.65673899133216 -0.786154203974103
6.67308368489809 -0.75748179071001
6.68920721338409 -0.728414503294255
6.70510793191986 -0.699017670136888
6.72078692109386 -0.669350009732017
6.73624763090868 -0.639463650542529
6.75149550747711 -0.609404373379229
6.7665376273302 -0.579212010359468
6.78138235675852 -0.548920941656747
6.79603904688585 -0.518560641594278
6.81051776968765 -0.488156236884109
6.82482909606171 -0.457729050426773
6.83898391424909 -0.4272971132101
6.85299328518223 -0.396875634148836
6.86686833045435 -0.366477423202646
6.88062014832088 -0.336113267005742
6.89425975325679 -0.305792258825617
6.90779803494337 -0.275522086241523
6.92124573302864 -0.245309280767168
6.93461342451752 -0.215159433963181
6.94791152115051 -0.185077384570512
6.96115027459353 -0.155067380978514
6.97433978767239 -0.125133223015432
6.98749003023686 -0.0952783866792001
7.00061085853413 -0.0655061350550834
7.01371203721146 -0.0358196183201083
7.02680326326001 -0.00622196542745674
7.03989419136091 0.0232836301952395
7.05299446020592 0.0526938288083611
7.06611371944321 0.0820050644158288
7.07926165694617 0.111213464853778
7.09244802612276 0.14031477011205
7.10568267297393 0.169304247101411
7.1189755625724 0.198176599048035
7.13233680456391 0.226925867622587
7.14577667718828 0.255545325796197
7.15930564917095 0.284027359262525
7.17293439863792 0.312363334078661
7.18667382794885 0.340543447965297
7.20053507300965 0.36855656248145
7.21452950520329 0.396390013072044
7.22866872354769 0.424029393811475
7.24296453403581 0.451458313585131
7.25742891232093 0.478658120542788
7.27207394497318 0.505607592039682
7.28691174346253 0.532282588121023
7.30195432385997 0.558655668138507
7.31721344408722 0.584695672629182
7.33270038956217 0.610367276543047
7.34842569758218 0.635630525760155
7.36439881122518 0.660440377104656
7.3806276556022 0.684746273168352
7.39711813384506 0.708491797311384
7.41387354828074 0.73161447063676
7.43089396476042 0.754045769750584
7.44817555548145 0.775711458131674
7.46570997703822 0.796532329154246
7.4834838629805 0.816425447529743
7.50147852829301 0.835305940138256
7.5196699889984 0.853089321933931
7.5380293850722 0.869694250588707
7.55652385371057 0.885045499294197
7.57511783480508 0.899076847000742
7.59377471325104 0.911733540839003
7.6124586333544 0.922974010614575
7.63113627997106 0.93277061389489
7.64977842204156 0.941109340835192
7.66836105610559 0.947988570925614
7.6868660565659 0.953417107594776
7.7052813160316 0.95741179304183
7.72360042500467 0.95999501785843
7.74182198476197 0.961192399419956
7.75994866810776 0.961030830753231
7.77798614336031 0.959537019175668
7.79594196388718 0.95673655768434
7.81382450524021 0.952653510981512
7.83164200968919 0.947310455103199
7.84940177721139 0.940728883669281
7.86710952465384 0.932929881496903
7.88476892145 0.923934963893209
7.90238130063226 0.913766984044367
7.91994553708847 0.902451019214199
7.93745808003437 0.890015157691307
7.95491312260485 0.87649112213073
7.97230288773788 0.861914681060082
7.9896180060052 0.846325818698445
8.00684795801645 0.829768653230407
8.02398155203438 0.812291114010408
8.04100740708457 0.793944407037925
8.05791441353969 0.774782313453376
8.07469214697846 0.754860376054664
8.09133121673395 0.734235032933571
8.10782353729078 0.712962755243211
8.12416251772405 0.691099238735498
8.14034317086337 0.668698687646128
8.15636214916206 0.645813216656965
8.17221771797247 0.622492383850216
8.18790967898695 0.598782856221193
8.20343925714964 0.574728200338709
8.21880896368957 0.550368784495098
8.23402244644498 0.525741775087906
8.2490843367115 0.500881208640383
8.26400009976201 0.475818121267727
8.27877589418297 0.450580718973845
8.29341844339701 0.425194574418522
8.3079349212674 0.399682838325946
8.3223328525276 0.374066456222541
8.33662002792938 0.348364383508335
8.35080443341835 0.322593793880204
8.36489419227802 0.296770277798668
8.3788975189852 0.270908029026732
8.39282268344506 0.245020018299279
8.40667798428726 0.219118153947253
8.4204717299743 0.193213429848917
8.43421222657595 0.167316061455686
8.44790777118328 0.141435610882863
8.46156665005905 0.115581102200369
8.47519714074114 0.0897611281334602
8.48880751742606 0.0639839494109578
8.50240605905802 0.0382575879959568
8.51600105963397 0.0125899154146329
8.52960084030473 -0.0130112626276834
8.54321376290828 -0.0385381241803327
8.55684824461127 -0.0639827503893694
8.57051277336085 -0.0893370451185172
8.58421592385841 -0.114592653720956
8.59796637376078 -0.139740879822444
8.61177291979031 -0.164772598951553
8.62564449339095 -0.189678167814832
8.63959017550089 -0.214447327964519
8.65361920991834 -0.239069102546014
8.66774101461155 -0.263531684745484
8.6819651901606 -0.287822316490548
8.69630152430883 -0.311927155898065
8.71075999133808 -0.33583113192655
8.72535074465342 -0.359517784696686
8.74008410056022 -0.382969090021313
8.75497051072968 -0.40616526687787
8.77002052027192 -0.429084566920049
8.78524470766988 -0.45170304574176
8.80065360208517 -0.473994316583174
8.81625757276609 -0.495929288646073
8.83206668453826 -0.517475894339916
8.84809051276749 -0.538598812818999
8.86433791095466 -0.559259201319631
8.88081672456202 -0.579414451267613
8.89753344621291 -0.599017993009107
8.91449281061658 -0.618019181210625
8.93169733310203 -0.636363301956439
8.94914680412922 -0.653991751168383
8.96683776394367 -0.67084244009354
8.98476299635259 -0.686850484091172
9.0029110969582 -0.701949221740886
9.02126618596514 -0.716071588193948
9.03980784398084 -0.729151826959989
9.05851134502748 -0.741127468993132
9.07734823893066 -0.751941444110227
9.09628729342481 -0.761544131418196
9.11529574894411 -0.769895121120721
9.13434077748253 -0.776964467027187
9.15339098728804 -0.782733265252506
9.17241779315676 -0.787193492772762
9.19139648651923 -0.790347157408696
9.21030688830059 -0.792204918225262
9.22913353822481 -0.792784405190146
9.24786544862796 -0.792108484880237
9.26649551151293 -0.790203687121743
9.28501968320751 -0.787098941084631
9.3034360787342 -0.782824689891218
9.3217440924966 -0.77741237982851
9.33994363205762 -0.770894266493226
9.35803451715708 -0.763303450175418
9.37601606413168 -0.754674044496164
9.39388685080539 -0.745041390165645
9.41164464003431 -0.734442243258284
9.42928643077173 -0.722914888999085
9.44680860218796 -0.710499153639928
9.46420711727575 -0.697236306020751
9.48147775595393 -0.683168855513931
9.4986163527515 -0.668340263754204
9.51561901984098 -0.652794593949982
9.53248234187766 -0.636576124120623
9.54920353436397 -0.6197289500105
9.56578056181557 -0.602296600519291
9.58221221569439 -0.584321684106873
9.59849815483523 -0.565845579565011
9.61463891295089 -0.546908179452016
9.63063587884947 -0.527547689847915
9.6464912553716 -0.507800486215188
9.6622080029121 -0.487701022188784
9.67778977288695 -0.467281786080808
9.69324083578504 -0.446573298687676
9.7085660076241 -0.42560414549277
9.72377057780002 -0.404401036404646
9.73886024054296 -0.382988886600616
9.7538410315081 -0.361390912716097
9.76871927045355 -0.339628739415484
9.78350151049476 -0.317722512212048
9.7981944940695 -0.295691013210625
9.81280511548642 -0.273551777188062
9.82734038975015 -0.251321206081083
9.84180742724075 -0.229014680511015
9.85621341376155 -0.206646667440541
9.87056559544326 -0.184230823435958
9.88487126799441 -0.161780093309059
9.89913776980791 -0.139306804147027
9.91337247846612 -0.116822754917745
9.92758281022449 -0.0943393019725852
9.94177622209534 -0.0718674408683602
9.9559602161926 -0.0494178850032382
9.97014234603635 -0.0270011416150224
9.98433022454867 -0.00462758573014555
9.99853153350017 0.0176924673171139
10 0.0199952896939125




0 0
0.125 -0.0622266656811037
0.248269608401644 -0.126387006528962
0.34558056812141 -0.182092771748469
0.425931825970484 -0.233355167766896
0.498048950332037 -0.28474682102303
0.562155762824716 -0.33570771562395
0.619570584693532 -0.386349798937666
0.671598643219457 -0.436947363377171
0.719282395542895 -0.487762316084557
0.765480391789792 -0.541512513241292
0.807322755578853 -0.594426235957733
0.847815131435398 -0.649819300768575
0.886631251328902 -0.707112163562174
0.923668683861822 -0.765905515159196
0.958956705585193 -0.825939049428548
0.992594981302499 -0.887054615977333
1.02471559989923 -0.949166666345739
1.05546100088365 -1.01224016160357
1.08497200281083 -1.07627489570534
1.11338194202714 -1.14129485233036
1.14081435168439 -1.20734129830234
1.16738260169572 -1.27446855770133
1.19319056494601 -1.34274167428767
1.21833377705907 -1.41223540100499
1.24290080062842 -1.48303413923356
1.26697464953619 -1.55523258980562
1.29063421396882 -1.62893698126281
1.31395567675826 -1.7042668177735
1.33701394204569 -1.78135714720464
1.35988411725574 -1.86036139381319
1.38264310430802 -1.94145483012967
1.40537136810141 -2.02483877098703
1.42815495806803 -2.11074553462031
1.45108785339198 -2.19944406896209
1.47427465909939 -2.29124573568981
1.49783353216485 -2.38650872274228
1.5218987942193 -2.48563706816539
1.54662156836205 -2.58906434196832
1.57216398193857 -2.69719835740432
1.59867617102026 -2.81027479249267
1.62623462246145 -2.9280252493086
1.65471840485174 -3.04908072612502
1.68366141796004 -3.17035732543219
1.71226127089832 -3.28731133970279
1.73789487924565 -3.38865959638878
1.76101804411808 -3.4764297573848
1.782080388994 -3.5527149233236
1.80243768785657 -3.62257268516686
1.82083142700799 -3.68197877194063
1.83862526885967 -3.73571939217236
1.85571506369957 -3.78356196821129
1.87209253745452 -3.82566717804018
1.88780007765013 -3.86237454773889
1.90290252943359 -3.89407763750509
1.91747120177431 -3.92115978222886
1.93157562230896 -3.94396580039954
1.94527982326735 -3.96279308049621
1.95864110455813 -3.97789212314595
1.97171005629588 -3.98947107413013
1.98453115681112 -3.9977014474216
1.99714358068941 -4.00272372061239
2.00958203302584 -4.00465226515883
2.02187752590214 -4.00357946035602
2.03405806587664 -3.99957901603586
2.04614924780732 -3.99270859741642
2.05817476260922 -3.98301186179838
2.07015683135073 -3.97052000986311
2.08211657916075 -3.95525293870837
2.09407436177308 -3.93722006635881
2.1060500562389 -3.91642088128312
2.11806332592548 -3.89284525647127
2.13013386863763 -3.86647355601691
2.14228165564199 -3.83727655269902
2.15452716855743 -3.80521516747685
2.16689164046546 -3.7702400358922
2.17939730712775 -3.73229090207736
2.19206767377207 -3.69129583864572
2.20492780236304 -3.64717029087611
2.21800462335607 -3.59981594766067
2.23132727421764 -3.54911945214346
2.2449274637739 -3.49495098612583
2.2588398555282 -3.43716280142927
2.2731024524677 -3.37558784062115
2.28775694725626 -3.31003870867303
2.30284896977384 -3.24030745776932
2.31842811057279 -3.16616697712029
2.33454751266123 -3.08737530265716
2.35126269258914 -3.0036849449562
2.36862907076157 -2.91486038754226
2.38669749141612 -2.82070801556262
2.40550692201679 -2.72112308902174
2.42507385304569 -2.61615605113669
2.44537918415936 -2.50609239897403
2.46635590472958 -2.39152478229324
2.48788371390664 -2.27337905134827
2.50979689317915 -2.15285611874993
2.53190651136816 -2.0312850929319
2.55402982854227 -1.90993436378453
2.57601568704261 -1.78985169781459
2.59775821553597 -1.67178082176926
2.61919818852285 -1.55615710706696
2.64031614324494 -1.44315509023735
2.66112219524782 -1.33275586350776
2.68164603835904 -1.22481215878765
2.70192879006938 -1.11910082706844
2.72201706023919 -1.01536062412474
2.74195897780522 -0.913317236229641
2.76180170124174 -0.812698712764781
2.78158994920177 -0.713244326894939
2.80136517959985 -0.614709253563397
2.82116514936518 -0.516866771878166
2.84102367660085 -0.419509128543855
2.86097049617826 -0.322447770661952
2.88103115133591 -0.225513349828358
2.9012269020726 -0.128555683352886
2.9215746597256 -0.031443705479091
2.94208697808472 0.065934665687363
2.96277214483155 0.163672888424478
2.98363442168676 0.261846556808812
3.00467447554443 0.360514715929658
3.02589002500355 0.459721826035107
3.04727669812203 0.559500360362375
3.06882906182365 0.659873881629144
3.09054174744504 0.760860293393187
3.11241056714025 0.862474829334698
3.13443349677215 0.96473224295883
3.15661139256139 1.0676475933224
3.17894830611238 1.17123497240959
3.20145125692715 1.27550345930292
3.22412930461244 1.3804494940465
3.2469917317326 1.48604475268375
3.2700451138684 1.59221856428491
3.29328905470762 1.69883417213604
3.31671048461674 1.80565914539168
3.34027679587318 1.91233262236944
3.36392884995644 2.01833626755201
3.38757598838448 2.12298111967567
3.41109606563036 2.2254255963893
3.43434311228838 2.32473523626464
3.45716271143127 2.4199793327119
3.47941141387163 2.51034001699351
3.50097416361455 2.59520005398714
3.52177470543372 2.67418509558759
3.54177742289009 2.74715708023137
3.56098238943035 2.81417294675451
3.5794168778007 2.8754286286985
3.59712625109605 2.93120444040777
3.61416603819357 2.98182063474187
3.63059590987999 3.02760564742591
3.64647556261507 3.06887586306472
3.66186218250627 3.10592428784691
3.67680907596003 3.13901539956954
3.69136509199669 3.16838391602209
3.70557454330175 3.19423583134639
3.7194774170543 3.2167506125865
3.7331097359908 3.23608386247874
3.74650398165377 3.25237004254256
3.75968952743252 3.26572503839415
3.77269305247445 3.27624846528574
3.78553892233987 3.28402567982
3.79824953119961 3.28912950101783
3.8108456054878 3.29162166236437
3.82334647163875 3.29155402390746
3.83577029180042 3.2889695748254
3.84813427183308 3.28390325508128
3.8604548458514 3.27638262157562
3.87274784128184 3.2664283805721
3.88502862802118 3.2540548046203
3.89731225487204 3.23927004898625
3.90961357603532 3.22207637983307
3.92194737007393 3.20247032410394
3.93432845342761 3.18044274925369
3.94677179024659 3.15597887966087
3.95929260000622 3.12905825575419
3.97190646404235 3.09965464167212
3.98462943177509 3.06773588775858
3.99747812692247 3.03326375557874
4.01046985338356 2.99619371571727
4.02362269960719 2.95647473284751
4.03695563903678 2.91404905908149
4.05048862246835 2.86885206634966
4.06424265564677 2.82081216278752
4.07823985184932 2.76985085853781
4.09250344416815 2.71588307521328
4.10705773522874 2.65881783313394
4.12192795267099 2.59855950405971
4.13713996651525 2.53500988630025
4.15271980969394 2.46807144256528
4.16869292695355 2.39765213019406
4.18508306395512 2.32367232527785
4.20191070608703 2.24607434791256
4.21919100010229 2.16483494930509
4.23693116297281 2.07998069695464
4.25512752468902 1.99160535703063
4.27376257312492 1.8998870781775
4.29280263148915 1.80510165056847
4.31219698911388 1.70762700824049
4.33187925123857 1.6079344751142
4.35177124237698 1.5065647986353
4.37178905718189 1.40409139459722
4.39185011955307 1.30107758630789
4.41187977701731 1.19803663728332
4.43181619592866 1.09540199427122
4.45161296259845 0.993511360355246
4.47123948176307 0.892604105571383
4.49067971870906 0.792828769582987
4.50992997837971 0.694256498012864
4.52899633297716 0.596896722518646
4.54789212497079 0.500712492736653
4.56663578262511 0.405634007066823
4.5852490385175 0.311569774079311
4.6037555484567 0.21841540107224
4.62217985986938 0.126060302429413
4.64054666071825 0.0343927334570233
4.65888023944222 -0.0566964374532646
4.67720409402873 -0.147310848891074
4.69554063844806 -0.237546349252602
4.71391096424404 -0.327489031295095
4.73233462274983 -0.417213396580146
4.75082939888502 -0.506780486444013
4.76941105111807 -0.596235846166338
4.78809299469629 -0.685607215279229
4.80688590777641 -0.774901866072017
4.82579724415748 -0.864103552706527
4.84483064389044 -0.953169094892931
4.86398524643595 -1.04202471311735
4.88325493254737 -1.13056236475471
4.90262755197683 -1.21863650157395
4.92208423311165 -1.30606186165596
4.94159891161105 -1.39261307843425
4.96113824539414 -1.47802696143216
4.98066208461023 -1.56200818343591
5.00012461914054 -1.64423872199292
5.01947622506436 -1.72439075071726
5.0386658897236 -1.80214188485025
5.05764395177805 -1.87719099974607
5.07636479929389 -1.94927252902594
5.09478916392997 -2.01816736516162
5.11288573669333 -2.08370917394832
5.13063197756805 -2.14578585379528
5.14801414598411 -2.2043367187428
5.16502669688103 -2.25934653880253
5.18167124664876 -2.31083776190844
5.19795531743662 -2.35886213037019
5.21389103485918 -2.40349261773445
5.22949390383597 -2.44481627408633
5.24478173657483 -2.48292826511345
5.25977376493211 -2.51792716345686
5.27448993982086 -2.54991140622477
5.28895040233567 -2.57897675711805
5.30317510235563 -2.60521458581938
5.31718353773456 -2.62871078238686
5.33099458831924 -2.6495451457238
5.34462642211379 -2.66779111280006
5.35809645470888 -2.6835157231746
5.37142134689353 -2.69677973840017
5.38461702878674 -2.70763785683074
5.39769874171524 -2.71613898103942
5.41068109139911 -2.72232650788187
5.42357810783587 -2.72623862082117
5.43640330866927 -2.72790857111649
5.44916976387181 -2.72736493946372
5.46189016033433 -2.72463187316357
5.47457686550534 -2.71972929628566
5.48724198960938 -2.7126730919076
5.49989744623741 -2.70347525657692
5.5125550112746 -2.69214402784834
5.52522638023307 -2.67868398622632
5.53792322410552 -2.66309613319526
5.55065724385889 -2.64537794733011
5.56344022365112 -2.62552342081843
5.57628408277777 -2.60352307915549
5.58920092623617 -2.57936398736475
5.60220309362403 -2.55302974692228
5.61530320585433 -2.52450048871468
5.6285142088507 -2.49375286894995
5.64184941296255 -2.46076007710916
5.65532252627377 -2.42549186795222
5.66894767923359 -2.38791463349496
5.6827394370609 -2.3479915360229
5.6967127951074 -2.30568272990931
5.71088315074737 -2.26094570858941
5.72526624333497 -2.21373582380764
5.73987805130312 -2.16400703736319
5.75473463259988 -2.11171298086232
5.76985189152212 -2.05680841561456
5.78524525198922 -1.99925120076113
5.8009292151409 -1.93900488901716
5.81691677913341 -1.87604206911806
5.83321870315874 -1.81034855134362
5.84984260882108 -1.74192843222158
5.86679193336563 -1.67080995875996
5.88406478366139 -1.59705192583125
5.90165278754387 -1.5207500805412
5.91954009476286 -1.44204270252285
5.93770272937931 -1.36111425382228
5.95610851616943 -1.27819587027439
5.97471776971797 -1.19356163983462
5.99348483138795 -1.10752016918783
6.01236037768798 -1.02040182278387
6.03129424762849 -0.932542993961169
6.05023840855316 -0.844269495786126
6.069149649158 -0.755881359972454
6.08799166450899 -0.667640940528908
6.10673634652588 -0.579765412591073
6.12536425784522 -0.492423845510466
6.14386439745994 -0.405738291375741
6.16223343868248 -0.319787908552053
6.18047463553749 -0.23461503260848
6.19859656990812 -0.150232223271207
6.21661186924068 -0.0666295429029469
6.2345359795603 0.0162184314023501
6.25238604032097 0.098346147575472
6.27017987967726 0.179791298574656
6.28793513090096 0.260589749603343
6.30566846099854 0.340771144166539
6.32339489893319 0.420355139447338
6.34112725138622 0.499348224092111
6.35887559740226 0.577741089862323
6.37664685865229 0.65550655673294
6.3944444487096 0.732598083734133
6.41226801188659 0.808948929681212
6.43011326878833 0.884472052373568
6.44797199041675 0.959060844194812
6.46583212377813 1.03259078847907
6.48367808795378 1.10492207860103
6.50149124955362 1.17590316934799
6.51925057067528 1.24537513405073
6.53693340288311 1.31317659604013
6.55451638083703 1.37914891075543
6.57197635343983 1.4431412181722
6.58929128272729 1.50501498128619
6.6064410434472 1.56464768025028
6.62340806903804 1.62193543396982
6.6401778097207 1.67679445032164
6.65673899133216 1.72916133655372
6.67308368489809 1.77899240964067
6.68920721338409 1.82626221785276
6.70510793191986 1.87096151555085
6.72078692109386 1.91309492818458
6.73624763090868 1.95267851387976
6.75149550747711 1.98973738350742
6.7665376273302 2.02430349293258
6.78138235675852 2.05641367652744
6.79603904688585 2.08610795412889
6.81051776968765 2.1134281159113
6.82482909606171 2.13841657081025
6.83898391424909 2.16111543283869
6.85299328518223 2.18156581416731
6.86686833045435 2.19980729250314
6.88062014832088 2.2158775216398
6.89425975325679 2.22981195693377
6.90779803494337 2.24164367106453
6.92124573302864 2.25140323921297
6.93461342451752 2.25911867640544
6.94791152115051 2.26481541303601
6.96115027459353 2.26851629741845
6.97433978767239 2.27024161661953
6.98749003023686 2.27000912881311
7.00061085853413 2.26783410201702
7.01371203721146 2.26372935538706
7.02680326326001 2.2577053002999
7.03989419136091 2.24976997931331
7.05299446020592 2.23992910179513
7.06611371944321 2.22818607560628
7.07926165694617 2.21454203474772
7.09244802612276 2.19899586337177
7.10568267297393 2.18154421705151
7.1189755625724 2.16218154273192
7.13233680456391 2.14090009938987
7.14577667718828 2.11768998214838
7.15930564917095 2.09253915346832
7.17293439863792 2.06543348613158
7.18667382794885 2.03635682409523
7.20053507300965 2.00529106900673
7.21452950520329 1.9722163023067
7.22866872354769 1.93711095549416
7.24296453403581 1.89995204437475
7.25742891232093 1.86071548702611
7.27207394497318 1.81937652982562
7.28691174346253 1.775910311139
7.30195432385997 1.73029259795559
7.31721344408722 1.68250073641031
7.33270038956217 1.63251486187773
7.34842569758218 1.58031941668406
7.36439881122518 1.52590502115475
7.3806276556022 1.46927073337623
7.39711813384506 1.41042671032361
7.41387354828074 1.3493972428064
7.43089396476042 1.28622407430425
7.44817555548145 1.22096982704611
7.46570997703822 1.15372125146817
7.4834838629805 1.08459190148788
7.50147852829301 1.01372374520425
7.5196699889984 0.941287188245121
7.5380293850722 0.867479057806918
7.55652385371057 0.792518297499441
7.57511783480508 0.716639447964985
7.59377471325104 0.64008437773868
7.6124586333544 0.563093083855677
7.63113627997106 0.485894596193632
7.64977842204156 0.408699025207147
7.66836105610559 0.331691589522115
7.6868660565659 0.255029113711487
7.7052813160316 0.17883909728389
7.72360042500467 0.103221116067603
7.74182198476197 0.0282500837154885
7.75994866810776 -0.0460192112029116
7.77798614336031 -0.119546884988803
7.79594196388718 -0.192302583622536
7.81382450524021 -0.26426037764767
7.83164200968919 -0.335394237490269
7.84940177721139 -0.405674291508815
7.86710952465384 -0.475063977426842
7.88476892145 -0.543518125663071
7.90238130063226 -0.610981958930652
7.91994553708847 -0.677390952316957
7.93745808003437 -0.742671467258508
7.95491312260485 -0.806742047664896
7.97230288773788 -0.869515245025066
7.9896180060052 -0.930899821850008
8.00684795801645 -0.990803171162687
8.02398155203438 -1.04913378660297
8.04100740708457 -1.1058036253439
8.05791441353969 -1.16073022525752
8.07469214697846 -1.2138384674519
8.09133121673395 -1.26506191229352
8.10782353729078 -1.31434367687679
8.12416251772405 -1.36163685982668
8.14034317086337 -1.40690455121829
8.15636214916206 -1.45011948856798
8.17221771797247 -1.49126343327771
8.18790967898695 -1.53032634612597
8.20343925714964 -1.56730543703624
8.21880896368957 -1.60220415562772
8.23402244644498 -1.6350311772463
8.2490843367115 -1.665799426282
8.26400009976201 -1.69452516611782
8.27877589418297 -1.72122717401264
8.29341844339701 -1.7459260101095
8.3079349212674 -1.76864338272225
8.3223328525276 -1.78940160697665
8.33662002792938 -1.80822315050964
8.35080443341835 -1.82513025794136
8.36489419227802 -1.84014464490583
8.3788975189852 -1.8532872522605
8.39282268344506 -1.8645780514471
8.40667798428726 -1.87403589264747
8.4204717299743 -1.8816783882233
8.43421222657595 -1.88752182484175
8.44790777118328 -1.89158109859992
8.46156665005905 -1.89386966832689
8.47519714074114 -1.89439952303711
8.48880751742606 -1.89318116022506
8.50240605905802 -1.89022357232622
8.51600105963397 -1.88553423922984
8.52960084030473 -1.87911912522461
8.54321376290828 -1.87098267920031
8.55684824461127 -1.86112783733089
8.57051277336085 -1.84955602784119
8.58421592385841 -1.83626717782585
8.59796637376078 -1.82125972246079
8.61177291979031 -1.80453061734282
8.62564449339095 -1.78607535512956
8.63959017550089 -1.76588798815273
8.65361920991834 -1.74396115926574
8.66774101461155 -1.72028614389084
8.6819651901606 -1.69485290708319
8.69630152430883 -1.66765018046601
8.71075999133808 -1.63866556515359
8.72535074465342 -1.60788566831099
8.74008410056022 -1.57529628284483
8.75497051072968 -1.54088262191717
8.77002052027192 -1.50462962254557
8.78524470766988 -1.46652233548706
8.80065360208517 -1.42654642182947
8.81625757276609 -1.38468878005861
8.83206668453826 -1.34093833049919
8.84809051276749 -1.29528698636447
8.86433791095466 -1.24773084127289
8.88081672456202 -1.19827160061645
8.89753344621291 -1.14691827666427
8.91449281061658 -1.09368915225199
8.93169733310203 -1.03861399245975
8.94914680412922 -0.981736445073544
8.96683776394367 -0.923116517337853
8.98476299635259 -0.862832949977488
9.0029110969582 -0.800985236354627
9.02126618596514 -0.737694968933127
9.03980784398084 -0.6731061588438
9.05851134502748 -0.607384194113646
9.07734823893066 -0.540713201811182
9.09628729342481 -0.473291767370328
9.11529574894411 -0.405327221597261
9.13434077748253 -0.337028981459664
9.15339098728804 -0.268601652155574
9.17241779315676 -0.200238695136584
9.19139648651923 -0.132117400690148
9.21030688830059 -0.0643956844203577
9.22913353822481 0.0027890886959894
9.24786544862796 0.0693193790108489
9.26649551151293 0.135095238587192
9.28501968320751 0.200031115933807
9.3034360787342 0.264052275498157
9.3217440924966 0.327091335966467
9.33994363205762 0.389085297241881
9.35803451715708 0.449973272194284
9.37601606413168 0.50969499843043
9.39388685080539 0.568190095775852
9.41164464003431 0.625397962465871
9.42928643077173 0.681258164281745
9.44680860218796 0.735711159058461
9.46420711727575 0.78869920630249
9.48147775595393 0.840167331102599
9.4986163527515 0.890064237517128
9.51561901984098 0.938343094980776
9.53248234187766 0.984962148948121
9.54920353436397 1.02988513186465
9.56578056181557 1.07308147128751
9.58221221569439 1.11452630789151
9.59849815483523 1.1542003470827
9.61463891295089 1.19208957434762
9.63063587884947 1.22818486695683
9.6464912553716 1.26248153406101
9.6622080029121 1.29497881446124
9.67778977288695 1.32567935723818
9.69324083578504 1.35458870570148
9.7085660076241 1.38171480032169
9.72377057780002 1.40706751181941
9.73886024054296 1.43065821164716
9.7538410315081 1.45249938382139
9.76871927045355 1.47260427946875
9.78350151049476 1.49098661350103
9.7981944940695 1.50766030145279
9.81280511548642 1.52263923361054
9.82734038975015 1.53593708303876
9.84180742724075 1.54756714387608
9.85621341376155 1.55754219625643
9.87056559544326 1.56587439434135
9.88487126799441 1.5725751741773
9.89913776980791 1.57765517837793
9.91337247846612 1.5811241949453
9.92758281022449 1.58299110786698
9.94177622209534 1.58326385744342
9.9559602161926 1.58194940860443
9.97014234603635 1.57905372576184
9.98433022454867 1.57458175301609
9.99853153350017 1.56853739878955
10 1.56782334275105




0 3.04159265358979
0.0405920481421705 3.03908715970011
0.0794182178165547 3.03200564670237
0.117179902785819 3.02073428650208
0.154291135408916 3.0054607151134
0.191001524843716 2.98628006334436
0.227463581378743 2.96324581840049
0.263771279060612 2.93639487301479
0.299982831648599 2.90575988245929
0.336134421134011 2.87137521612014
0.372248583025355 2.8332796575104
0.408339371672315 2.79151747500356
0.444415559301305 2.74613870370864
0.480482624030067 2.69719906996982
0.516543987952997 2.64475977432713
0.552601789226967 2.58888723570584
0.58865736395979 2.52965284145456
0.624711547134057 2.46713271901241
0.660764860586418 2.401407531555
0.696817630457577 2.33256229442417
0.732870060584871 2.26068620745665
0.768922278367777 2.18587249838086
0.804974363432278 2.10821827317952
0.841026365545662 2.02782437020553
0.877078315813231 1.94479521566611
0.913130233676304 1.85923867877807
0.949182131286029 1.7712659254332
0.985234016237086 1.68099126961462
1.02128589327628 1.58853202209873
1.05733776537046 1.49400833618731
1.09338963437395 1.39754305036285
1.12944150144573 1.29926152786437
1.16549336731019 1.19929149325296
1.2015452324201 1.09776286608712
1.23759709705842 0.994807591862346
1.27364896140204 0.890559470394308
1.30970082556148 0.785153981841991
1.34575268960586 0.678728110579369
1.38180455357834 0.571420167133189
1.41785641750593 0.463369608410827
1.45390828140549 0.354716856447044
1.48996014528756 0.24560311590208
1.52601200915874 0.136170190546255
1.56206387302315 0.0265602989682861
1.59811573688335 -0.0830841102540266
1.63416760074097 -0.192620543681053
1.670219464597 -0.301906648196294
1.70627132845207 -0.410800396008594
1.74232319230658 -0.51916026923132
1.77837505616077 -0.626845443798717
1.81442692001479 -0.733715972480478
1.85047878386875 -0.839632966756723
1.88653064772269 -0.944458777317037
1.92258251157666 -1.04805717294902
1.95863437543069 -1.15029351758386
1.99468623928478 -1.25103494526886
2.03073810313895 -1.35015053283951
2.0667899669932 -1.44751147006674
2.10284183084753 -1.54299122705819
2.13889369470195 -1.63646571869594
2.17494555855646 -1.72781346589708
2.21099742241105 -1.81691575348743
2.24704928626574 -1.90365678448332
2.28310115012052 -1.9879238305809
2.31915301397538 -2.0696073786574
2.35520487783034 -2.14860127309393
2.39125674168539 -2.22480285373498
2.42730860554053 -2.29811308930505
2.46336046939576 -2.36843670610941
2.49941233325108 -2.43568231185135
2.53546419710649 -2.49976251440528
2.57151606096199 -2.56059403539118
2.60756792481758 -2.61809781840287
2.64361978867327 -2.67219913174942
2.67967165252904 -2.72282766557611
2.7157235163849 -2.76991762323889
2.75177538024086 -2.81340780681343
2.7878272440969 -2.85324169662769
2.82387910795304 -2.88936752471467
2.85993097180927 -2.92173834208986
2.89598283566559 -2.95031207976597
2.93203469952199 -2.97505160342557
2.96808656337849 -2.99592476168078
3.00413842723508 -3.01290442785702
3.04019029109176 -3.02596853524677
3.07624215494853 -3.03510010578735
3.11229401880539 -3.04028727212557
3.14834588266235 -3.04152329304047
3.18439774651939 -3.03880656220422
3.22044961037652 -3.03214061026965
3.25650147423375 -3.02153410028185
3.29255333809106 -3.00700081641974
3.32860520194847 -2.98855964608214
3.36465706580596 -2.96623455534184
3.40070892966355 -2.94005455779936
3.43676079352123 -2.910053676877
3.472812657379 -2.87627090160209
3.50886452123685 -2.83875013593709
3.5449163850948 -2.79754014172208
3.58096824895284 -2.75269447530411
3.61702011281097 -2.7042714179356
3.6530719766692 -2.65233390003219
3.68912384052751 -2.59694941938869
3.72517570438591 -2.53818995345916
3.7612275682444 -2.47613186581531
3.79727943210299 -2.41085580690471
3.83333129596166 -2.34244660923776
3.86938315982043 -2.27099317713971
3.90543502367928 -2.19658837121096
3.94148688753823 -2.11932888764576
3.97753875139727 -2.03931513256622
4.0135906152564 -1.95665109153493
4.04964247911561 -1.87144419441571
4.08569434297492 -1.78380517575818
4.12174620683432 -1.69384793088756
4.15779807069381 -1.60168936788681
4.1938499345534 -1.50744925566327
4.22990179841307 -1.4112500682975
4.26595366227283 -1.31321682587644
4.30200552613268 -1.21347693201778
4.33805738999263 -1.11216000829673
4.37410925385266 -1.00939772579034
4.41016111771279 -0.905323633958244
4.446212981573 -0.80007298708236
4.48226484543331 -0.693782568490912
4.51831670929371 -0.58659051279537
4.5543685731542 -0.478636126371252
4.59042043701477 -0.370059706316098
4.62647230087544 -0.261002358119915
4.6625241647362 -0.151605812285036
4.69857602859706 -0.0420122401337118
4.734627892458 0.0676359309571787
4.77067975631903 0.177196202654193
4.80673162018015 0.286526190857598
4.84278348404137 0.395483810743189
4.87883534790267 0.503927461415171
4.91488721176406 0.611716209930127
4.95093907562555 0.718709974452919
4.98699093948712 0.824769706306493
5.02304280334879 0.929757570678993
5.05909466721055 1.03353712575334
5.0951465310724 1.1359735000265
5.13119839493434 1.23693356758793
5.16725025879636 1.33628612112951
5.20330212265849 1.43390204246206
5.2393539865207 1.52965447031678
5.275405850383 1.62341896521373
5.31145771424539 1.71507367118283
5.34750957810787 1.80449947412745
5.38356144197044 1.89158015662456
5.41961330583311 1.9762025489605
5.45566516969586 2.05825667620589
5.49171703355871 2.13763590113855
5.52776889742164 2.21423706282891
5.56382076128467 2.28796061070749
5.59987262514779 2.35871073394042
5.635924489011 2.4263954859449
5.6719763528743 2.49092690388252
5.70802821673768 2.55222112297549
5.74408008060116 2.61019848549695
5.78013194446473 2.66478364429385
5.8161838083284 2.7159056607078
5.85223567219215 2.76349809676668
5.88828753605599 2.80749910152717
5.92433939991992 2.847851491456
5.96039126378395 2.88450282474544
5.99644312764806 2.91740546946644
6.03249499151227 2.94651666547097
6.06854685537656 2.97179857996284
6.10459871924095 2.99321835666516
6.14065058310543 3.01074815852014
6.17670244697 3.02436520386609
6.21275431083465 3.03405179604431
6.2488061746994 3.03979534639766
6.28485803856424 3.0415883906307
6.32090990242917 3.03942859851027
6.35696176629419 3.03331877689382
6.39301363015931 3.02326686608168
6.42906549402451 3.00928592949785
6.4651173578898 2.99139413671281
6.50116922175519 2.96961473983044
6.53722108562066 2.94397604326967
6.57327294948623 2.91451136698017
6.60932481335188 2.88125900313988
6.64537667721763 2.84426216639063
6.68142854108347 2.80356893767655
6.71748040494939 2.75923220175833
6.75353226881541 2.71130957848429
6.78958413268152 2.65986334790794
6.82563599654772 2.60496036934903
6.86168786041401 2.54667199450341
6.89773972428039 2.48507397471471
6.93379158814687 2.42024636252815
6.96984345201343 2.35227340765457
7.00589531588008 2.28124344747984
7.04194717974683 2.20724879226194
7.07799904361366 2.13038560516489
7.11405090748059 2.05075377728554
7.1501027713476 1.96845679783541
7.18615463521471 1.88360161964657
7.2222064990819 1.79629852017615
7.25825836294919 1.70666095819019
7.29431022681657 1.61480542631304
7.33036209068404 1.52085129963404
7.3664139545516 1.42492068056812
7.40246581841925 1.32713824017196
7.43851768228699 1.22763105612198
7.47456954615482 1.1265284475647
7.51062141002275 1.02396180705406
7.54667327389076 0.920064429794199
7.58272513775886 0.814971340409521
7.61877700162706 0.708819117467213
7.65482886549534 0.601745715980285
7.69088072936372 0.493890288121768
7.72693259323218 0.385393002383102
7.76298445710074 0.276394861411708
7.79903632096939 0.167037518764504
7.83508818483813 0.0574630948154956
7.87114004870696 -0.0521860079433059
7.90719191257588 -0.161767289967602
7.94324377644489 -0.271138339852659
7.97929564031399 -0.380157019410609
8.01534750418318 -0.488681648392682
8.05139936805246 -0.596571188616306
8.08745123192184 -0.703685427257771
8.1235030957913 -0.809885159072269
8.15955495966086 -0.915032367304483
8.1956068235305 -1.01899040305462
8.23165868740024 -1.12162416286679
8.26771055127006 -1.22280026430893
8.30376241513998 -1.32238721931608
8.33981427900999 -1.42025560507176
8.37586614288008 -1.51627823220535
8.41191800675027 -1.61033031008694
8.44796987062055 -1.70228960900466
8.48402173449092 -1.79203661901402
8.52007359836139 -1.87945470525252
8.55612546223194 -1.96443025951787
8.59217732610258 -2.04685284791274
8.62822918997331 -2.12661535436429
8.66428105384414 -2.20361411983171
8.70033291771505 -2.27774907702117
8.73638478158606 -2.34892388043285
8.77243664545716 -2.41704603157118
8.80848850932834 -2.48202699915554
8.84454037319962 -2.54378233417513
8.88059223707099 -2.6022317796386
8.91664410094245 -2.65729937487574
8.95269596481399 -2.7089135542556
8.98874782868563 -2.75700724019299
9.02479969255736 -2.80151793032218
9.06085155642918 -2.84238777872476
9.0969034203011 -2.87956367110596
9.1329552841731 -2.9129972938218
9.16900714804519 -2.94264519666728
9.20505901191737 -2.96846884934411
9.24111087578965 -2.99043469153454
9.27716273966201 -3.00851417651622
9.31321460353447 -3.02268380826138
9.34926646740701 -3.03292517197223
9.38531833127965 -3.0392249580127
9.42137019515238 -3.04157497920563
9.4574220590252 -3.03997218147277
9.49347392289811 -3.03441864780387
9.52952578677111 -3.02492159554961
9.5655776506442 -3.01149336704198
9.60162951451738 -2.99415141355424
9.63768137839065 -2.97291827262127
9.67373324226402 -2.94782153874993
9.70978510613747 -2.91889382755731
9.74583697001101 -2.88617273338364
9.78188883388465 -2.84970078043477
9.81794069775837 -2.80952536751795
9.85399256163219 -2.76569870644248
9.89004442550609 -2.71827775416547
9.92609628938009 -2.66732413877077
9.96214815325418 -2.61290407937741
9.99820001712836 -2.55508830008142
10 -2.55211402193376




0 0
0.0405920481421705 -0.12343056972495
0.0794182178165547 -0.241304015137693
0.117179902785819 -0.355598424258215
0.154291135408916 -0.467431020107341
0.191001524843716 -0.577422939972193
0.227463581378743 -0.6859009314502
0.263771279060612 -0.793013882268382
0.299982831648599 -0.898802187880306
0.336134421134011 -1.00323986932961
0.372248583025355 -1.1062604798212
0.408339371672315 -1.20777317959223
0.444415559301305 -1.30767277493369
0.480482624030067 -1.40584602392315
0.516543987952997 -1.5021756228368
0.552601789226967 -1.59654274802181
0.58865736395979 -1.68882869673045
0.624711547134057 -1.77891596532148
0.660764860586418 -1.86668897570164
0.696817630457577 -1.95203458139543
0.732870060584871 -2.03484243504654
0.768922278367777 -2.11500526821827
0.804974363432278 -2.19241911506871
0.841026365545662 -2.26698349945586
0.877078315813231 -2.33860159754601
0.913130233676304 -2.40718038334813
0.949182131286029 -2.47263076171062
0.985234016237086 -2.53486769152864
1.02128589327628 -2.59381030080481
1.05733776537046 -2.64938199452533
1.09338963437395 -2.70151055589509
1.12944150144573 -2.75012824122068
1.16549336731019 -2.79517186857571
1.2015452324201 -2.83658290029113
1.23759709705842 -2.87430751926004
1.27364896140204 -2.90829669901658
1.30970082556148 -2.93850626753378
1.34575268960586 -2.96489696467937
1.38180455357834 -2.98743449326792
1.41785641750593 -3.00608956365119
1.45390828140549 -3.02083793179337
1.48996014528756 -3.03166043078483
1.52601200915874 -3.038542995755
1.56206387302315 -3.04147668215323
1.59811573688335 -3.0404576773743
1.63416760074097 -3.03548730571402
1.670219464597 -3.02657202664859
1.70627132845207 -3.01372342644012
1.74232319230658 -2.99695820307931
1.77837505616077 -2.97629814458489
1.81442692001479 -2.95177010068799
1.85047878386875 -2.92340594793843
1.88653064772269 -2.89124254827803
1.92258251157666 -2.855321701135
1.95863437543069 -2.81569008910157
1.99468623928478 -2.7723992172655
2.03073810313895 -2.72550534627421
2.0667899669932 -2.67506941921874
2.10284183084753 -2.62115698243227
2.13889369470195 -2.56383810030643
2.17494555855646 -2.50318726423585
2.21099742241105 -2.43928329580944
2.24704928626574 -2.37220924437417
2.28310115012052 -2.30205227910448
2.31915301397538 -2.22890357571753
2.35520487783034 -2.1528581979816
2.39125674168539 -2.07401497417161
2.42730860554053 -1.99247636863228
2.46336046939576 -1.90834834861584
2.49941233325108 -1.82174024656744
2.53546419710649 -1.7327646180371
2.57151606096199 -1.641537095403
2.60756792481758 -1.54817623759604
2.64361978867327 -1.45280337602116
2.67967165252904 -1.35554245687551
2.7157235163849 -1.25651988006847
2.75177538024086 -1.15586433495278
2.7878272440969 -1.05370663308041
2.82387910795304 -0.950179538200371
2.85993097180927 -0.845417593719433
2.89598283566559 -0.73955694785008
2.93203469952199 -0.63273517667281
2.96808656337849 -0.525091105342801
3.00413842723508 -0.416764627673285
3.04019029109176 -0.307896524330093
3.07624215494853 -0.198628279873659
3.11229401880539 -0.0891018988862357
3.14834588266235 0.0205402785767019
3.18439774651939 0.130155761971036
3.22044961037652 0.23960209544416
3.25650147423375 0.348737042970041
3.29255333809106 0.457418773198608
3.32860520194847 0.565506043779215
3.36465706580596 0.672858384918648
3.40070892966355 0.779336281935116
3.43676079352123 0.884801356570985
3.472812657379 0.989116546828621
3.50886452123685 1.09214628509562
3.5449163850948 1.19375667432796
3.58096824895284 1.29381566206206
3.61702011281097 1.39219321202963
3.6530719766692 1.48876147315234
3.68912384052751 1.58339494569655
3.72517570438591 1.67597064437225
3.7612275682444 1.76636825816432
3.79727943210299 1.85447030668821
3.83333129596166 1.94016229286699
3.86938315982043 2.02333285173131
3.90543502367928 2.10387389514889
3.94148688753823 2.18168075229542
3.97753875139727 2.25665230568434
4.0135906152564 2.32869112257876
4.04964247911561 2.39770358161463
4.08569434297492 2.46359999447073
4.12174620683432 2.52629472242723
4.15779807069381 2.58570628766146
4.1938499345534 2.64175747913616
4.22990179841307 2.69437545294263
4.26595366227283 2.74349182696841
4.30200552613268 2.78904276976637
4.33805738999263 2.83096908350987
4.37410925385266 2.86921628092594
4.41016111771279 2.90373465610682
4.446212981573 2.93447934910747
4.48226484543331 2.96141040424544
4.51831670929371 2.98449282202712
4.5543685731542 3.00369660463289
4.59042043701477 3.01899679490224
4.62647230087544 3.03037350876794
4.6625241647362 3.03781196109733
4.69857602859706 3.041302484907
4.734627892458 3.04084054392597
4.77067975631903 3.03642673849104
4.80673162018015 3.02806680476652
4.84278348404137 3.01577160728963
4.87883534790267 2.9995571248509
4.91488721176406 2.97944442972827
4.95093907562555 2.95545966030157
4.98699093948712 2.92763398708326
5.02304280334879 2.89600357220929
5.05909466721055 2.86060952244295
5.0951465310724 2.82149783575271
5.13119839493434 2.7787193415334
5.16725025879636 2.73232963454855
5.20330212265849 2.68238900267963
5.2393539865207 2.6289623485762
5.275405850383 2.57211910530864
5.31145771424539 2.51193314613321
5.34750957810787 2.44848268848668
5.38356144197044 2.38185019233522
5.41961330583311 2.31212225300978
5.45566516969586 2.23938948866713
5.49171703355871 2.16374642252285
5.52776889742164 2.08529136000934
5.56382076128467 2.00412626101844
5.59987262514779 1.9203566073948
5.635924489011 1.83409126585206
5.6719763528743 1.74544234649007
5.70802821673768 1.6545250570971
5.74408008060116 1.56145755342621
5.78013194446473 1.46636078564051
5.8161838083284 1.3693583411268
5.85223567219215 1.27057628388188
5.88828753605599 1.17014299068028
5.92433939991992 1.06818898423631
5.96039126378395 0.96484676357725
5.99644312764806 0.860250631848127
6.03249499151227 0.754536521771878
6.06854685537656 0.647841818991721
6.10459871924095 0.540305183525302
6.14065058310543 0.432066369562687
6.17670244697 0.323266043842361
6.21275431083465 0.214045602841287
6.2488061746994 0.104546989016597
6.28485803856424 -0.00508749366226821
6.32090990242917 -0.114715364651239
6.35696176629419 -0.224194151998775
6.39301363015931 -0.333381577501854
6.42906549402451 -0.44213574161017
6.4651173578898 -0.550315307838226
6.50116922175519 -0.657779686445686
6.53722108562066 -0.764389217147242
6.57327294948623 -0.870005350614579
6.60932481335188 -0.974490828534536
6.64537667721763 -1.07770986198947
6.68142854108347 -1.17952830792802
6.71748040494939 -1.27981384349686
6.75353226881541 -1.37843613800697
6.78958413268152 -1.47526702231091
6.82563599654772 -1.57018065537093
6.86168786041401 -1.66305368780146
6.89773972428039 -1.75376542217355
6.93379158814687 -1.8421979698727
6.96984345201343 -1.92823640430652
7.00589531588008 -2.0117689102628
7.04194717974683 -2.09268692922421
7.07799904361366 -2.17088530045043
7.11405090748059 -2.24626239764472
7.1501027713476 -2.31872026102697
7.18615463521471 -2.38816472464195
7.2222064990819 -2.45450553873692
7.25825836294919 -2.51765648704992
7.29431022681657 -2.57753549885605
7.33036209068404 -2.63406475562627
7.3664139545516 -2.68717079216008
7.40246581841925 -2.73678459206057
7.43851768228699 -2.78284167742788
7.47456954615482 -2.82528219265442
7.51062141002275 -2.864050982213
7.54667327389076 -2.89909766233669
7.58272513775886 -2.93037668649742
7.61877700162706 -2.95784740459805
7.65482886549534 -2.98147411580106
7.69088072936372 -3.00122611492524
7.72693259323218 -3.01707773235002
7.76298445710074 -3.02900836737559
7.79903632096939 -3.03700251499551
7.83508818483813 -3.04104978604695
7.87114004870696 -3.0411449207124
7.90719191257588 -3.03728779535532
7.94324377644489 -3.02948342268079
7.97929564031399 -3.01774194522105
8.01534750418318 -3.00207862215429
8.05139936805246 -2.98251380947389
8.08745123192184 -2.95907293353383
8.1235030957913 -2.93178645800472
8.15955495966086 -2.90068984428333
8.1956068235305 -2.86582350540709
8.23165868740024 -2.82723275353348
8.26771055127006 -2.7849677410525
8.30376241513998 -2.73908339540885
8.33981427900999 -2.68963934771842
8.37586614288008 -2.63669985527194
8.41191800675027 -2.58033371802643
8.44796987062055 -2.52061418919307
8.48402173449092 -2.45761888003763
8.52007359836139 -2.39142965901711
8.55612546223194 -2.32213254538388
8.59217732610258 -2.24981759739537
8.62822918997331 -2.1745787952747
8.66428105384414 -2.09651391907437
8.70033291771505 -2.01572442160167
8.73638478158606 -1.93231529657103
8.77243664545716 -1.84639494215458
8.80848850932834 -1.75807502010833
8.84454037319962 -1.66747031065696
8.88059223707099 -1.57469856332591
8.91664410094245 -1.47988034391457
8.95269596481399 -1.38313887780942
8.98874782868563 -1.28459988984079
9.02479969255736 -1.1843914408914
9.06085155642918 -1.08264376146891
9.0969034203011 -0.979489082458851
9.1329552841731 -0.87506146327793
9.16900714804519 -0.769496617650896
9.20505901191737 -0.66293173723753
9.24111087578965 -0.555505313338904
9.27716273966201 -0.447356956914622
9.31321460353447 -0.33862721714497
9.34926646740701 -0.229457398773746
9.38531833127965 -0.119989378469174
9.42137019515238 -0.0103654204415403
9.4574220590252 0.0992720084428196
9.49347392289811 0.208780423810899
9.52952578677111 0.318017508955154
9.5655776506442 0.426841299787739
9.60162951451738 0.535110369336479
9.63768137839065 0.64268401154281
9.67373324226402 0.749422424122817
9.70978510613747 0.855186890253741
9.74583697001101 0.959839958849812
9.78188883388465 1.06324562319314
9.81794069775837 1.16526949768754
9.85399256163219 1.26577899250546
9.89004442550609 1.36464348590129
9.92609628938009 1.46173449396679
9.96214815325418 1.55692583760833
9.99820001712836 1.65009380652873
10 1.65469024612057
