
 Fitting parameter values (for plotting):


1  119.975700195713
2  101.07974838902
3  85.1598741888628
4  71.7473508536228
6  50.9269407230936
9  30.4551094763439
10  25.6584858267733
13  15.3441770457114
15  10.8914403884522




1  123.173165267195
2  103.407371275234
3  86.8134257235164
4  72.8823370414553
6  51.3680503344975
9  30.3947986521248
10  25.517296906661
13  15.098745165019
15  10.6417155803236




1  116.861238454227
2  98.8045185598353
3  83.5378181591379
4  70.6300396430051
6  50.4896190243709
9  30.5155399722068
10  25.8004559546772
13  15.5935984505267
15  11.1470253870102
